1.5	0	-24.7982
1.502	0	-25.1846
1.504	0	-25.5845
1.506	0	-25.9987
1.508	0	-26.4278
1.51	0	-26.8728
1.512	0	-27.3346
1.514	0	-27.814
1.516	0	-28.3123
1.518	0	-28.8304
1.52	0	-29.3696
1.522	0	-29.9313
1.524	0	-30.5169
1.526	0	-31.1279
1.528	0	-31.7662
1.53	0	-32.4334
1.532	0	-33.1318
1.534	0	-33.8635
1.536	0	-34.6309
1.538	0	-35.4369
1.54	0	-36.2843
1.542	0	-37.1765
1.544	0	-38.1171
1.546	0	-39.1102
1.548	0	-40.1604
1.55	0	-41.2727
1.552	0	-42.4529
1.554	0	-43.7073
1.556	0	-45.0433
1.558	0	-46.469
1.56	0	-47.9939
1.562	0	-49.6288
1.564	0	-51.3859
1.566	0	-53.2796
1.568	0	-55.3265
1.57	0	-57.546
1.572	0	-59.961
1.574	0	-62.5985
1.576	0	-65.4908
1.578	0	-68.6767
1.58	0	-72.2036
1.582	0	-76.1292
1.584	0	-80.5254
1.586	0	-85.4821
1.588	0	-91.1142
1.59	0	-97.5698
1.592	0	-105.044
1.594	0	-113.798
1.596	0	-124.194
1.598	0	-136.738
1.6	0	-152.177
1.602	0	-171.641
1.604	0	-196.942
1.606	0	-231.17
1.608	0	-280.063
1.61	0	-355.615
1.612	0	-487.81
1.614	0	-778.55
1.616	0	-1940.34
1.618	0	3887.08
1.62	0	967.578
1.622	0	551.449
1.624	0	385.06
1.626	0	295.48
1.628	0	239.496
1.63	0	201.193
1.632	0	173.336
1.634	0	152.164
1.636	0	135.528
1.638	0	122.112
1.64	0	111.062
1.642	0	101.804
1.644	0	93.9341
1.646	0	87.1616
1.648	0	81.2719
1.65	0	76.1029
1.652	0	71.5298
1.654	0	67.4551
1.656	0	63.8014
1.658	0	60.5067
1.66	0	57.5205
1.662	0	54.8012
1.664	0	52.3147
1.666	0	50.0321
1.668	0	47.9294
1.67	0	45.986
1.672	0	44.1845
1.674	0	42.5098
1.676	0	40.949
1.678	0	39.4908
1.68	0	38.1254
1.682	0	36.8441
1.684	0	35.6394
1.686	0	34.5046
1.688	0	33.4338
1.69	0	32.4216
1.692	0	31.4635
1.694	0	30.555
1.696	0	29.6925
1.698	0	28.8726
1.7	0	28.092
1.702	0	27.3482
1.704	0	26.6384
1.706	0	25.9604
1.708	0	25.3121
1.71	0	24.6916
1.712	0	24.0971
1.714	0	23.527
1.716	0	22.9798
1.718	0	22.4542
1.72	0	21.9488
1.722	0	21.4626
1.724	0	20.9944
1.726	0	20.5432
1.728	0	20.1082
1.73	0	19.6884
1.732	0	19.2831
1.734	0	18.8915
1.736	0	18.513
1.738	0	18.1468
1.74	0	17.7924
1.742	0	17.4492
1.744	0	17.1167
1.746	0	16.7944
1.748	0	16.4818
1.75	0	16.1784
1.752	0	15.8839
1.754	0	15.5979
1.756	0	15.3199
1.758	0	15.0497
1.76	0	14.787
1.762	0	14.5313
1.764	0	14.2825
1.766	0	14.0403
1.768	0	13.8043
1.77	0	13.5744
1.772	0	13.3502
1.774	0	13.1317
1.776	0	12.9185
1.778	0	12.7105
1.78	0	12.5075
1.782	0	12.3093
1.784	0	12.1157
1.786	0	11.9266
1.788	0	11.7418
1.79	0	11.5611
1.792	0	11.3845
1.794	0	11.2117
1.796	0	11.0426
1.798	0	10.8772
1.8	0	10.7153
1.802	0	10.5568
1.804	0	10.4015
1.806	0	10.2494
1.808	0	10.1004
1.81	0	9.95435
1.812	0	9.81119
1.814	0	9.67083
1.816	0	9.53318
1.818	0	9.39815
1.82	0	9.26568
1.822	0	9.13568
1.824	0	9.00809
1.826	0	8.88283
1.828	0	8.75984
1.83	0	8.63905
1.832	0	8.5204
1.834	0	8.40383
1.836	0	8.28929
1.838	0	8.17671
1.84	0	8.06605
1.842	0	7.95725
1.844	0	7.85027
1.846	0	7.74505
1.848	0	7.64155
1.85	0	7.53972
1.852	0	7.43953
1.854	0	7.34093
1.856	0	7.24387
1.858	0	7.14833
1.86	0	7.05426
1.862	0	6.96162
1.864	0	6.87039
1.866	0	6.78052
1.868	0	6.69199
1.87	0	6.60476
1.872	0	6.5188
1.874	0	6.43408
1.876	0	6.35057
1.878	0	6.26824
1.88	0	6.18707
1.882	0	6.10703
1.884	0	6.0281
1.886	0	5.95024
1.888	0	5.87343
1.89	0	5.79766
1.892	0	5.72289
1.894	0	5.64911
1.896	0	5.57629
1.898	0	5.50442
1.9	0	5.43347
1.902	0	5.36342
1.904	0	5.29426
1.906	0	5.22596
1.908	0	5.1585
1.91	0	5.09188
1.912	0	5.02606
1.914	0	4.96105
1.916	0	4.89681
1.918	0	4.83333
1.92	0	4.7706
1.922	0	4.7086
1.924	0	4.64732
1.926	0	4.58674
1.928	0	4.52685
1.93	0	4.46764
1.932	0	4.40909
1.934	0	4.35118
1.936	0	4.29392
1.938	0	4.23728
1.94	0	4.18125
1.942	0	4.12582
1.944	0	4.07098
1.946	0	4.01672
1.948	0	3.96303
1.95	0	3.90989
1.952	0	3.8573
1.954	0	3.80524
1.956	0	3.75371
1.958	0	3.7027
1.96	0	3.6522
1.962	0	3.60219
1.964	0	3.55267
1.966	0	3.50363
1.968	0	3.45507
1.97	0	3.40696
1.972	0	3.35932
1.974	0	3.31211
1.976	0	3.26535
1.978	0	3.21902
1.98	0	3.17311
1.982	0	3.12762
1.984	0	3.08254
1.986	0	3.03786
1.988	0	2.99358
1.99	0	2.94968
1.992	0	2.90616
1.994	0	2.86302
1.996	0	2.82025
1.998	0	2.77785
2	0	2.7358
2.002	0	2.69409
2.004	0	2.65274
2.006	0	2.61172
2.008	0	2.57104
2.01	0	2.53068
2.012	0	2.49065
2.014	0	2.45094
2.016	0	2.41153
2.018	0	2.37243
2.02	0	2.33364
2.022	0	2.29514
2.024	0	2.25694
2.026	0	2.21902
2.028	0	2.18138
2.03	0	2.14403
2.032	0	2.10694
2.034	0	2.07013
2.036	0	2.03358
2.038	0	1.99729
2.04	0	1.96126
2.042	0	1.92549
2.044	0	1.88996
2.046	0	1.85467
2.048	0	1.81963
2.05	0	1.78482
2.052	0	1.75025
2.054	0	1.71591
2.056	0	1.68179
2.058	0	1.6479
2.06	0	1.61422
2.062	0	1.58076
2.064	0	1.54752
2.066	0	1.51448
2.068	0	1.48165
2.07	0	1.44902
2.072	0	1.41659
2.074	0	1.38435
2.076	0	1.35231
2.078	0	1.32047
2.08	0	1.2888
2.082	0	1.25733
2.084	0	1.22603
2.086	0	1.19491
2.088	0	1.16397
2.09	0	1.13321
2.092	0	1.10261
2.094	0	1.07218
2.096	0	1.04192
2.098	0	1.01182
2.1	0	0.981879
2.102	0	0.952098
2.104	0	0.922472
2.106	0	0.892999
2.108	0	0.863676
2.11	0	0.834502
2.112	0	0.805474
2.114	0	0.77659
2.116	0	0.747848
2.118	0	0.719244
2.12	0	0.690778
2.122	0	0.662447
2.124	0	0.634248
2.126	0	0.60618
2.128	0	0.578241
2.13	0	0.550429
2.132	0	0.522741
2.134	0	0.495176
2.136	0	0.467732
2.138	0	0.440406
2.14	0	0.413197
2.142	0	0.386104
2.144	0	0.359123
2.146	0	0.332253
2.148	0	0.305493
2.15	0	0.278841
2.152	0	0.252295
2.154	0	0.225852
2.156	0	0.199513
2.158	0	0.173273
2.16	0	0.147133
2.162	0	0.121091
2.164	0	0.0951436
2.166	0	0.0692906
2.168	0	0.0435302
2.17	0	0.0178607
2.172	0	-0.00771958
2.174	0	-0.033212
2.176	0	-0.0586183
2.178	0	-0.0839398
2.18	0	-0.109178
2.182	0	-0.134335
2.184	0	-0.159411
2.186	0	-0.184409
2.188	0	-0.209329
2.19	0	-0.234174
2.192	0	-0.258944
2.194	0	-0.28364
2.196	0	-0.308266
2.198	0	-0.33282
2.2	0	-0.357306
2.202	0	-0.381724
2.204	0	-0.406076
2.206	0	-0.430363
2.208	0	-0.454587
2.21	0	-0.478748
2.212	0	-0.502848
2.214	0	-0.526888
2.216	0	-0.550869
2.218	0	-0.574794
2.22	0	-0.598662
2.222	0	-0.622475
2.224	0	-0.646235
2.226	0	-0.669943
2.228	0	-0.693599
2.23	0	-0.717205
2.232	0	-0.740763
2.234	0	-0.764273
2.236	0	-0.787736
2.238	0	-0.811155
2.24	0	-0.834529
2.242	0	-0.85786
2.244	0	-0.881149
2.246	0	-0.904397
2.248	0	-0.927606
2.25	0	-0.950777
2.252	0	-0.973909
2.254	0	-0.997006
2.256	0	-1.02007
2.258	0	-1.04309
2.26	0	-1.06609
2.262	0	-1.08905
2.264	0	-1.11198
2.266	0	-1.13488
2.268	0	-1.15776
2.27	0	-1.1806
2.272	0	-1.20342
2.274	0	-1.22621
2.276	0	-1.24898
2.278	0	-1.27172
2.28	0	-1.29444
2.282	0	-1.31714
2.284	0	-1.33982
2.286	0	-1.36248
2.288	0	-1.38512
2.29	0	-1.40774
2.292	0	-1.43035
2.294	0	-1.45294
2.296	0	-1.47552
2.298	0	-1.49808
2.3	0	-1.52063
2.302	0	-1.54317
2.304	0	-1.56569
2.306	0	-1.58821
2.308	0	-1.61072
2.31	0	-1.63322
2.312	0	-1.65571
2.314	0	-1.6782
2.316	0	-1.70068
2.318	0	-1.72316
2.32	0	-1.74564
2.322	0	-1.76811
2.324	0	-1.79058
2.326	0	-1.81306
2.328	0	-1.83553
2.33	0	-1.858
2.332	0	-1.88048
2.334	0	-1.90296
2.336	0	-1.92545
2.338	0	-1.94794
2.34	0	-1.97044
2.342	0	-1.99294
2.344	0	-2.01545
2.346	0	-2.03798
2.348	0	-2.06051
2.35	0	-2.08305
2.352	0	-2.10561
2.354	0	-2.12817
2.356	0	-2.15076
2.358	0	-2.17335
2.36	0	-2.19597
2.362	0	-2.2186
2.364	0	-2.24124
2.366	0	-2.26391
2.368	0	-2.28659
2.37	0	-2.3093
2.372	0	-2.33203
2.374	0	-2.35477
2.376	0	-2.37755
2.378	0	-2.40034
2.38	0	-2.42317
2.382	0	-2.44601
2.384	0	-2.46889
2.386	0	-2.49179
2.388	0	-2.51473
2.39	0	-2.53769
2.392	0	-2.56068
2.394	0	-2.58371
2.396	0	-2.60677
2.398	0	-2.62986
2.4	0	-2.65299
2.402	0	-2.67615
2.404	0	-2.69935
2.406	0	-2.72259
2.408	0	-2.74586
2.41	0	-2.76918
2.412	0	-2.79254
2.414	0	-2.81593
2.416	0	-2.83938
2.418	0	-2.86286
2.42	0	-2.88639
2.422	0	-2.90997
2.424	0	-2.93359
2.426	0	-2.95726
2.428	0	-2.98098
2.43	0	-3.00475
2.432	0	-3.02857
2.434	0	-3.05244
2.436	0	-3.07637
2.438	0	-3.10035
2.44	0	-3.12439
2.442	0	-3.14848
2.444	0	-3.17263
2.446	0	-3.19683
2.448	0	-3.2211
2.45	0	-3.24543
2.452	0	-3.26982
2.454	0	-3.29427
2.456	0	-3.31879
2.458	0	-3.34337
2.46	0	-3.36802
2.462	0	-3.39273
2.464	0	-3.41752
2.466	0	-3.44237
2.468	0	-3.4673
2.47	0	-3.49229
2.472	0	-3.51736
2.474	0	-3.54251
2.476	0	-3.56773
2.478	0	-3.59303
2.48	0	-3.6184
2.482	0	-3.64386
2.484	0	-3.66939
2.486	0	-3.69501
2.488	0	-3.72071
2.49	0	-3.74649
2.492	0	-3.77236
2.494	0	-3.79832
2.496	0	-3.82437
2.498	0	-3.8505
2.5	0	-3.87673
2.502	0	-3.90305
2.504	0	-3.92946
2.506	0	-3.95596
2.508	0	-3.98257
2.51	0	-4.00927
2.512	0	-4.03607
2.514	0	-4.06297
2.516	0	-4.08997
2.518	0	-4.11708
2.52	0	-4.14429
2.522	0	-4.17161
2.524	0	-4.19903
2.526	0	-4.22657
2.528	0	-4.25421
2.53	0	-4.28197
2.532	0	-4.30984
2.534	0	-4.33783
2.536	0	-4.36594
2.538	0	-4.39416
2.54	0	-4.42251
2.542	0	-4.45097
2.544	0	-4.47956
2.546	0	-4.50828
2.548	0	-4.53712
2.55	0	-4.56609
2.552	0	-4.59519
2.554	0	-4.62443
2.556	0	-4.65379
2.558	0	-4.6833
2.56	0	-4.71294
2.562	0	-4.74272
2.564	0	-4.77264
2.566	0	-4.80271
2.568	0	-4.83292
2.57	0	-4.86327
2.572	0	-4.89378
2.574	0	-4.92444
2.576	0	-4.95525
2.578	0	-4.98621
2.58	0	-5.01733
2.582	0	-5.04861
2.584	0	-5.08006
2.586	0	-5.11166
2.588	0	-5.14343
2.59	0	-5.17537
2.592	0	-5.20748
2.594	0	-5.23976
2.596	0	-5.27222
2.598	0	-5.30485
2.6	0	-5.33766
2.602	0	-5.37065
2.604	0	-5.40383
2.606	0	-5.43719
2.608	0	-5.47074
2.61	0	-5.50448
2.612	0	-5.53842
2.614	0	-5.57255
2.616	0	-5.60688
2.618	0	-5.64141
2.62	0	-5.67615
2.622	0	-5.71109
2.624	0	-5.74625
2.626	0	-5.78161
2.628	0	-5.81719
2.63	0	-5.85299
2.632	0	-5.88901
2.634	0	-5.92526
2.636	0	-5.96173
2.638	0	-5.99843
2.64	0	-6.03536
2.642	0	-6.07254
2.644	0	-6.10995
2.646	0	-6.1476
2.648	0	-6.1855
2.65	0	-6.22365
2.652	0	-6.26205
2.654	0	-6.30071
2.656	0	-6.33963
2.658	0	-6.37881
2.66	0	-6.41826
2.662	0	-6.45799
2.664	0	-6.49798
2.666	0	-6.53825
2.668	0	-6.57881
2.67	0	-6.61965
2.672	0	-6.66079
2.674	0	-6.70221
2.676	0	-6.74394
2.678	0	-6.78597
2.68	0	-6.8283
2.682	0	-6.87095
2.684	0	-6.91391
2.686	0	-6.95719
2.688	0	-7.0008
2.69	0	-7.04474
2.692	0	-7.08901
2.694	0	-7.13362
2.696	0	-7.17858
2.698	0	-7.22388
2.7	0	-7.26954
2.702	0	-7.31556
2.704	0	-7.36194
2.706	0	-7.40869
2.708	0	-7.45582
2.71	0	-7.50333
2.712	0	-7.55122
2.714	0	-7.59951
2.716	0	-7.6482
2.718	0	-7.69729
2.72	0	-7.7468
2.722	0	-7.79672
2.724	0	-7.84706
2.726	0	-7.89783
2.728	0	-7.94904
2.73	0	-8.0007
2.732	0	-8.0528
2.734	0	-8.10536
2.736	0	-8.15839
2.738	0	-8.21188
2.74	0	-8.26586
2.742	0	-8.32032
2.744	0	-8.37528
2.746	0	-8.43074
2.748	0	-8.48671
2.75	0	-8.5432
2.752	0	-8.60022
2.754	0	-8.65778
2.756	0	-8.71587
2.758	0	-8.77453
2.76	0	-8.83374
2.762	0	-8.89353
2.764	0	-8.9539
2.766	0	-9.01486
2.768	0	-9.07642
2.77	0	-9.1386
2.772	0	-9.2014
2.774	0	-9.26483
2.776	0	-9.3289
2.778	0	-9.39363
2.78	0	-9.45903
2.782	0	-9.5251
2.784	0	-9.59187
2.786	0	-9.65933
2.788	0	-9.72752
2.79	0	-9.79643
2.792	0	-9.86608
2.794	0	-9.93648
2.796	0	-10.0077
2.798	0	-10.0796
2.8	0	-10.1524
2.802	0	-10.2259
2.804	0	-10.3003
2.806	0	-10.3756
2.808	0	-10.4516
2.81	0	-10.5286
2.812	0	-10.6065
2.814	0	-10.6852
2.816	0	-10.7649
2.818	0	-10.8456
2.82	0	-10.9271
2.822	0	-11.0097
2.824	0	-11.0933
2.826	0	-11.1779
2.828	0	-11.2635
2.83	0	-11.3502
2.832	0	-11.438
2.834	0	-11.5269
2.836	0	-11.6169
2.838	0	-11.7081
2.84	0	-11.8004
2.842	0	-11.894
2.844	0	-11.9888
2.846	0	-12.0848
2.848	0	-12.1821
2.85	0	-12.2807
2.852	0	-12.3806
2.854	0	-12.482
2.856	0	-12.5847
2.858	0	-12.6888
2.86	0	-12.7944
2.862	0	-12.9015
2.864	0	-13.0101
2.866	0	-13.1202
2.868	0	-13.232
2.87	0	-13.3454
2.872	0	-13.4604
2.874	0	-13.5772
2.876	0	-13.6957
2.878	0	-13.8161
2.88	0	-13.9382
2.882	0	-14.0622
2.884	0	-14.1882
2.886	0	-14.3161
2.888	0	-14.4461
2.89	0	-14.5781
2.892	0	-14.7123
2.894	0	-14.8487
2.896	0	-14.9873
2.898	0	-15.1281
2.9	0	-15.2714
2.902	0	-15.4171
2.904	0	-15.5652
2.906	0	-15.7159
2.908	0	-15.8693
2.91	0	-16.0253
2.912	0	-16.1841
2.914	0	-16.3457
2.916	0	-16.5103
2.918	0	-16.6779
2.92	0	-16.8486
2.922	0	-17.0224
2.924	0	-17.1996
2.926	0	-17.3801
2.928	0	-17.5641
2.93	0	-17.7517
2.932	0	-17.943
2.934	0	-18.1381
2.936	0	-18.3372
2.938	0	-18.5403
2.94	0	-18.7475
2.942	0	-18.9591
2.944	0	-19.1752
2.946	0	-19.3958
2.948	0	-19.6213
2.95	0	-19.8516
2.952	0	-20.087
2.954	0	-20.3277
2.956	0	-20.5739
2.958	0	-20.8256
2.96	0	-21.0833
2.962	0	-21.3469
2.964	0	-21.6169
2.966	0	-21.8933
2.968	0	-22.1765
2.97	0	-22.4667
2.972	0	-22.7642
2.974	0	-23.0692
2.976	0	-23.3821
2.978	0	-23.7032
2.98	0	-24.0327
2.982	0	-24.3711
2.984	0	-24.7188
2.986	0	-25.076
2.988	0	-25.4433
2.99	0	-25.8211
2.992	0	-26.2097
2.994	0	-26.6098
2.996	0	-27.0218
2.998	0	-27.4463
3	0	-27.8838
3.002	0	-28.335
3.004	0	-28.8006
3.006	0	-29.2813
3.008	0	-29.7778
3.01	0	-30.2909
3.012	0	-30.8214
3.014	0	-31.3704
3.016	0	-31.9387
3.018	0	-32.5276
3.02	0	-33.1379
3.022	0	-33.7712
3.024	0	-34.4285
3.026	0	-35.1114
3.028	0	-35.8213
3.03	0	-36.5601
3.032	0	-37.3293
3.034	0	-38.1311
3.036	0	-38.9675
3.038	0	-39.8409
3.04	0	-40.7537
3.042	0	-41.7088
3.044	0	-42.7091
3.046	0	-43.758
3.048	0	-44.8591
3.05	0	-46.0165
3.052	0	-47.2346
3.054	0	-48.5183
3.056	0	-49.8732
3.058	0	-51.3054
3.06	0	-52.8217
3.062	0	-54.4298
3.064	0	-56.1383
3.066	0	-57.9569
3.068	0	-59.8969
3.07	0	-61.9707
3.072	0	-64.1928
3.074	0	-66.5796
3.076	0	-69.1505
3.078	0	-71.9274
3.08	0	-74.9364
3.082	0	-78.2079
3.084	0	-81.7778
3.086	0	-85.6892
3.088	0	-89.9936
3.09	0	-94.7534
3.092	0	-100.045
3.094	0	-105.964
3.096	0	-112.627
3.098	0	-120.186
3.1	0	-128.834
3.102	0	-138.826
3.104	0	-150.5
3.106	0	-164.323
3.108	0	-180.946
3.11	0	-201.319
3.112	0	-226.871
3.114	0	-259.868
3.116	0	-304.118
3.118	0	-366.563
3.12	0	-461.336
3.122	0	-622.314
3.124	0	-956.122
3.126	0	-2063.74
3.128	0	12967
3.13	0	1564.57
3.132	0	832.249
3.134	0	566.774
3.136	0	429.628
3.138	0	345.871
3.14	0	289.405
3.142	0	248.76
3.144	0	218.101
3.146	0	194.151
3.148	0	174.925
3.15	0	159.149
3.152	0	145.971
3.154	0	134.797
3.156	0	125.203
3.158	0	116.875
3.16	0	109.578
3.162	0	103.131
3.164	0	97.3938
3.166	0	92.2551
3.168	0	87.6257
3.17	0	83.4333
3.172	0	79.6186
3.174	0	76.1328
3.176	0	72.9348
3.178	0	69.9903
3.18	0	67.2703
3.182	0	64.7499
3.184	0	62.4078
3.186	0	60.2257
3.188	0	58.1876
3.19	0	56.2796
3.192	0	54.4896
3.194	0	52.807
3.196	0	51.2222
3.198	0	49.7269
3.2	0	48.3137
3.202	0	46.9759
3.204	0	45.7076
3.206	0	44.5035
3.208	0	43.3587
3.21	0	42.2689
3.212	0	41.2303
3.214	0	40.2392
3.216	0	39.2924
3.218	0	38.387
3.22	0	37.5202
3.222	0	36.6897
3.224	0	35.893
3.226	0	35.1283
3.228	0	34.3935
3.23	0	33.6868
3.232	0	33.0068
3.234	0	32.3518
3.236	0	31.7204
3.238	0	31.1114
3.24	0	30.5236
3.242	0	29.9559
3.244	0	29.4071
3.246	0	28.8765
3.248	0	28.3629
3.25	0	27.8656
3.252	0	27.3839
3.254	0	26.9169
3.256	0	26.464
3.258	0	26.0245
3.26	0	25.5977
3.262	0	25.1833
3.264	0	24.7804
3.266	0	24.3888
3.268	0	24.0079
3.27	0	23.6371
3.272	0	23.2762
3.274	0	22.9247
3.276	0	22.5822
3.278	0	22.2483
3.28	0	21.9227
3.282	0	21.6051
3.284	0	21.2952
3.286	0	20.9926
3.288	0	20.6972
3.29	0	20.4085
3.292	0	20.1264
3.294	0	19.8506
3.296	0	19.5809
3.298	0	19.3171
3.3	0	19.059
3.302	0	18.8063
3.304	0	18.5589
3.306	0	18.3166
3.308	0	18.0791
3.31	0	17.8465
3.312	0	17.6184
3.314	0	17.3948
3.316	0	17.1755
3.318	0	16.9603
3.32	0	16.7491
3.322	0	16.5418
3.324	0	16.3383
3.326	0	16.1384
3.328	0	15.942
3.33	0	15.7491
3.332	0	15.5595
3.334	0	15.373
3.336	0	15.1897
3.338	0	15.0095
3.34	0	14.8321
3.342	0	14.6576
3.344	0	14.4858
3.346	0	14.3167
3.348	0	14.1503
3.35	0	13.9863
3.352	0	13.8248
3.354	0	13.6656
3.356	0	13.5088
3.358	0	13.3542
3.36	0	13.2018
3.362	0	13.0515
3.364	0	12.9033
3.366	0	12.757
3.368	0	12.6127
3.37	0	12.4703
3.372	0	12.3298
3.374	0	12.191
3.376	0	12.0539
3.378	0	11.9186
3.38	0	11.7849
3.382	0	11.6527
3.384	0	11.5222
3.386	0	11.3931
3.388	0	11.2655
3.39	0	11.1394
3.392	0	11.0146
3.394	0	10.8912
3.396	0	10.7691
3.398	0	10.6483
3.4	0	10.5287
3.402	0	10.4103
3.404	0	10.2931
3.406	0	10.1771
3.408	0	10.0621
3.41	0	9.94826
3.412	0	9.83544
3.414	0	9.72365
3.416	0	9.61285
3.418	0	9.50301
3.42	0	9.3941
3.422	0	9.28611
3.424	0	9.17899
3.426	0	9.07274
3.428	0	8.96731
3.43	0	8.8627
3.432	0	8.75886
3.434	0	8.65578
3.436	0	8.55344
3.438	0	8.45181
3.44	0	8.35088
3.442	0	8.25061
3.444	0	8.15098
3.446	0	8.05198
3.448	0	7.95359
3.45	0	7.85578
3.452	0	7.75853
3.454	0	7.66183
3.456	0	7.56565
3.458	0	7.46998
3.46	0	7.37479
3.462	0	7.28008
3.464	0	7.1858
3.466	0	7.09197
3.468	0	6.99854
3.47	0	6.90551
3.472	0	6.81285
3.474	0	6.72056
3.476	0	6.6286
3.478	0	6.53698
3.48	0	6.44566
3.482	0	6.35463
3.484	0	6.26388
3.486	0	6.17339
3.488	0	6.08314
3.49	0	5.99312
3.492	0	5.90331
3.494	0	5.81369
3.496	0	5.72425
3.498	0	5.63497
3.5	0	5.54585
