['000_A1m', '000_Em', '000_T1p', '100_A2', '100_B2', '100_E2', '110_A1', '110_A2', '110_B1', '110_B2', '111_A2', '111_E2', '200_A2', '200_B2', '200_E2']
L =  20
irrep =  200_A2
config num =  33
[-2, -1, -1, -1, -1, -1, -1, -1, -1, -1, 0, 0, 0, 0, 0, 0, 0, 0, 0, 0, 0, 0, 0, 1, 1, 1, 1, 1, 1, 1, 1, 1, 2] [0, -1, -1, -1, 0, 0, 0, 1, 1, 1, -2, -1, -1, -1, 0, 0, 0, 0, 0, 1, 1, 1, 2, -1, -1, -1, 0, 0, 0, 1, 1, 1, 0] [0, -1, 0, 1, -1, 0, 1, -1, 0, 1, 0, -1, 0, 1, -2, -1, 0, 1, 2, -1, 0, 1, 0, -1, 0, 1, -1, 0, 1, -1, 0, 1, 0]
frame mom =  2 0 0
Ecm = 0.3436 configs:
L= 20
0 0 0
0 0 0
2 0 0
actual Ecm =  0.3436017106795748
==========================
Ecm = 0.3468 configs:
1 -1 0
1 1 0
0 0 0
actual Ecm =  0.3467798227119239
==========================
Ecm = 0.3468 configs:
1 0 -1
1 0 1
0 0 0
actual Ecm =  0.3467798227119239
==========================
Ecm = 0.3468 configs:
1 0 1
1 0 -1
0 0 0
actual Ecm =  0.3467798227119239
==========================
Ecm = 0.3468 configs:
1 1 0
1 -1 0
0 0 0
actual Ecm =  0.3467798227119239
==========================
file generated =  non_int.200_A2
0.5964463609779498
