24	0.29163987688836923
24	0.296623317237723
24	0.3032421837804418
24	0.30448306772470346
24	0.3391777079432955
24	0.34213328927915165
24	0.346933131183257
24	0.35286536078429787
24	0.35355391106647976
24	0.3547764457290794
24	0.3584432648175069
24	0.372787565263863
24	0.3792296827190475
24	0.38048367619737583
24	0.3890944176072685
24	0.3905586601247592
24	0.39177186488421795
24	0.3943544917790964
24	0.39670166374774646
24	0.3992038417727027
24	0.400337918953571
24	0.40257386283482
24	0.4032556223028256
24	0.40992294068285656
24	0.41457052553008145
24	0.42119348294856923
24	0.4224007103245935
24	0.427033844822818
24	0.4280605543928016
24	0.42994563753904497
24	0.4307640134988115
24	0.4318588648067613
24	0.4334240890330458
24	0.43356359025814456
24	0.4366701138633699
24	0.4384891743317298
24	0.4392642665655812
24	0.43994239276783653
24	0.44080953372828335
24	0.4419367210939633
24	0.4437101696065411
24	0.44415923911610034
24	0.44657506834737115
24	0.44772885847969357
24	0.44789913773966655
24	0.4491021038429168
24	0.45506166444905505
24	0.4598697604162133
24	0.461550270083778
24	0.4636039286873025
24	0.4638532498013653
24	0.46387559779953863
24	0.4665026680744635
24	0.46969465114754794
24	0.47037037604794957
24	0.47328598357341595
24	0.47385947347778345
24	0.47498240877210113
24	0.47500930679777753
24	0.4761759093107558
24	0.4764564495490467
24	0.47698010903051796
24	0.47719663231886134
24	0.47988451747590893
24	0.4802087349357374
24	0.48477383208993485
24	0.4870578392295943
24	0.4904493052604265
24	0.49395429278180986
24	0.49473471706962213
24	0.4962529793586833
24	0.4968442876517235
24	0.4969269536381063
24	0.501171283809294
24	0.5035199360617958
24	0.5040535964649684
24	0.5053261391294807
24	0.506224718694421
24	0.5067691905079672
24	0.5079159230777804
24	0.5105110311609657
24	0.5109570496099922
24	0.5125550777677219
24	0.512803240061278
24	0.5135724166572324
24	0.5145346501666259
24	0.5151059744661055
24	0.5162514880507997
24	0.5163450772925707
24	0.5183786726981164
24	0.5199556780787944
24	0.5204540163285001
24	0.5217879232907268
24	0.5233375728909665
24	0.5259804909821445
24	0.5288570066398056
24	0.5310554254776041
24	0.5318011368251166
24	0.5332411642896163
24	0.5340305013731113
24	0.5359071680389905
24	0.5369752783086614
24	0.5370037819752436
24	0.5400549884523955
24	0.5403472379098936
24	0.5427762403035458
24	0.5435523992123757
24	0.5437912627746614
24	0.5464642967015847
24	0.5465576766591693
24	0.546786738301606
24	0.5473600602331974
24	0.5479299949237328
24	0.5485444685833571
24	0.5488252419579199
24	0.5490727355886154
24	0.5514163700472651
24	0.5546333857593869
24	0.5587788817934247
24	0.5594772790612322
24	0.5612364369004346
24	0.5634176949669015
24	0.5650851345859436
24	0.5651905593148789
24	0.5670573395598018
24	0.5686834550481698
24	0.5690901794368535
24	0.5691801172492853
24	0.5693769807006894
24	0.570193406757444
24	0.570509560171328
24	0.572118240116505
24	0.5722450930635875
24	0.5728619214205807
24	0.5729551446562618
24	0.5750852651155127
24	0.5762563227399604
24	0.5769366418501901
24	0.5789713014690482
24	0.5792183311959834
24	0.5801122632182752
24	0.5810938350855154
24	0.5812942630803531
24	0.5847687153347451
24	0.5875920988400153
24	0.5876101997898106
24	0.5897880870635305
24	0.5898967958861525
24	0.5922055302776091
24	0.5952019514669897
24	0.5968692497745592
24	0.599771351382625
24	0.6012319955850289
24	0.6020867437966084
24	0.6022231456539958
24	0.6032869597832766
24	0.6048230461149785
24	0.605318715235955
24	0.6055653943780847
24	0.6063544154440095
24	0.6066455121433149
24	0.60778478235498
24	0.6083776173302109
24	0.6090650005670616
24	0.6099846871231828
24	0.6103451126246099
24	0.6111080143226544
24	0.6137828796167927
24	0.6151695311956594
24	0.6162291090228472
24	0.617209338379656
24	0.6176722341591654
24	0.61999718619462
24	0.6214978724170946
24	0.6215272206284215
24	0.6222365323278096
24	0.6257037274036601
24	0.6277828575464409
24	0.6283006882003888
24	0.6285393680246782
24	0.6312918094172235
24	0.6324297546853584
24	0.6326654563362363
24	0.6348777293077701
24	0.6353726971684845
24	0.6366976251189179
24	0.6377776353801071
24	0.6384273081728056
24	0.6397695693385366
24	0.6429873584719414
24	0.64396959266955
24	0.6444450568733995
24	0.6452099143762692
24	0.6460494873870805
24	0.6472469840220255
24	0.6480136229122466
24	0.6498415211935787
24	0.6526253737662308
24	0.653724682158665
24	0.6538877554118085
24	0.6548615481669545
24	0.6560459852830915
24	0.6570805756445017
24	0.6575736398651758
24	0.6578067240529906
24	0.6583238971145599
24	0.6611556317518302
24	0.661311250498421
24	0.6616500624897542
24	0.6623631611323603
24	0.6629712698146389
24	0.6629735586500985
24	0.6633560724958321
24	0.6647013855184043
24	0.6703815209221299
24	0.6714768523861961
24	0.6735118202685405
24	0.6744485275415506
24	0.6755844898205143
24	0.6760510743572429
24	0.6798387096815992
24	0.6798458200673694
24	0.6806043865931941
24	0.6818005456363221
24	0.682059960053803
24	0.6837174430960661
24	0.6840609675576266
24	0.684577634517136
24	0.6860361357945355
24	0.6872514911757188
24	0.6875620870476392
24	0.6886268652529978
24	0.6892205108612384
24	0.6906676951980877
24	0.6933381752730094
24	0.6938013212852355
24	0.6949365110675759
24	0.6978887488008934
24	0.700687049008731
24	0.7022881411728445
24	0.7037708309349467
24	0.7044188999123818
24	0.7060723781087034
24	0.7060794821667291
24	0.7063600234950365
24	0.7098038374260113
24	0.7099476882018675
24	0.7120226025324515
24	0.7122643613856315
24	0.7131571213283109
24	0.7137889944156932
24	0.7143519842620368
24	0.7185830376023414
24	0.7187885304883561
24	0.7195601693640311
24	0.7206218931999571
24	0.7232097283620016
24	0.7237525206144054
24	0.7255545598168165
24	0.7292894495008114
24	0.7301005366386593
24	0.7304233779408924
24	0.7306317959140735
24	0.7360124611499032
24	0.7362995916047597
24	0.7375979571809883
24	0.7382294933594825
24	0.7406756821347276
24	0.7419571208647927
24	0.744784895822072
24	0.7452197032866593
24	0.7457371367374758
24	0.7466723437899109
24	0.7468222146106767
24	0.7468705402474882
24	0.749950506886819
24	0.7517512152924262
24	0.7521269864426716
24	0.7531346071839309
24	0.7547125221416909
24	0.7568247533885366
24	0.7592092697177911
24	0.7614717622546414
24	0.7624885087811971
24	0.7626046948611767
24	0.7668615415256703
24	0.766952701605394
24	0.7681420948313807
24	0.7695372511605455
24	0.7719195247620964
24	0.775643870315182
24	0.7765783584664766
24	0.7777108654429017
24	0.7783050893577396
24	0.7793120440784311
24	0.7812492731840214
24	0.7838329240527063
24	0.7846124632643919
24	0.7853827460717805
24	0.7913667418033574
24	0.7943099130667148
24	0.7994264762256802
24	0.8018070836917714
24	0.8027410073368353
24	0.8051731380716809
24	0.8063049035667478
24	0.8064627021584156
24	0.8074091300616194
24	0.8090596314370418
24	0.8107703399393347
24	0.8137123719658877
24	0.8175207159532225
24	0.8198985426795307
24	0.8255759195783213
24	0.8279552142798744
24	0.8313194318827399
24	0.8326082982384809
24	0.8330803538229092
24	0.8346020634652409
24	0.8350389256104342
24	0.8398541057691831
24	0.8409018252017936
24	0.848624727173435
24	0.8538876533647424
24	0.858081666336183
24	0.8587404253397215
24	0.861169863116173
24	0.861799293604679
24	0.867029934752938
24	0.8745977257277407
24	0.8747491988725905
24	0.8800097011913474
24	0.8870504046543641
24	0.8872886286257524
24	0.8879177792329689
24	0.900710648287008
24	0.9131581395103987
24	0.9140251606999842
24	0.9168974340317236
24	0.937119631688339
24	0.9392556662617776
24	0.9632085171943916
24	1.0079480798744878
