20	0.3139066968396595
20	0.3274675790861219
20	0.3305735598616763
20	0.3376458250808612
20	0.341684010601363
20	0.34635668858910734
20	0.40307871379753624
20	0.40764711167700357
20	0.40927076364052634
20	0.4115715029571304
20	0.4168401600395132
20	0.426657435585416
20	0.4280784020150222
20	0.4331427824867371
20	0.43626019436437774
20	0.44175525185711506
20	0.4462623367335172
20	0.44659297450070307
20	0.4490381405116872
20	0.4505378406334713
20	0.45497235760270843
20	0.4558101907286695
20	0.4596836096972282
20	0.46340869577724264
20	0.4671053602414656
20	0.46933158151703186
20	0.4947683231581571
20	0.4986105538874121
20	0.5013458134348909
20	0.5042258296798741
20	0.5059837184919258
20	0.5073931492445595
20	0.5096415335639968
20	0.5099571265375749
20	0.5144115458347497
20	0.5147930811402697
20	0.5170052933911725
20	0.519717147602042
20	0.5216394393277581
20	0.525268447019044
20	0.526249850322993
20	0.5283161061907116
20	0.5321366503564292
20	0.5329806002418112
20	0.5338125976291365
20	0.5389380797662188
20	0.5420478934759584
20	0.5436259042014325
20	0.5495286878531297
20	0.5514340031808526
20	0.5521802327177355
20	0.5531699113110017
20	0.5545319040955331
20	0.555363301789834
20	0.5568104682854284
20	0.5587376735528663
20	0.5604730183559603
20	0.5615468665495434
20	0.5639418823132464
20	0.5654111690431578
20	0.5696373762859821
20	0.5796145570142429
20	0.5804524717592492
20	0.5840252088742238
20	0.584852075777011
20	0.5897925667406969
20	0.5932360785972164
20	0.5951436545775305
20	0.5974432914746762
20	0.5989579383272963
20	0.5998582629631568
20	0.600683170033454
20	0.6024224596801997
20	0.603808737022944
20	0.6063394196353024
20	0.6130725097640526
20	0.6136089496947817
20	0.6164391472095023
20	0.6214608708467777
20	0.6229158714920102
20	0.6230371710168904
20	0.6236882550634314
20	0.6241205393710901
20	0.6282486188632123
20	0.6307543008795636
20	0.6329474534147019
20	0.6349730711788024
20	0.6352399513836045
20	0.6353238041269723
20	0.6367817477929524
20	0.639625254904443
20	0.6398713891653828
20	0.6403862217202133
20	0.6437293865635488
20	0.6454488811715254
20	0.6465129878016191
20	0.647334171189839
20	0.6480726083560215
20	0.650399907409523
20	0.6521970497084597
20	0.6545317049996029
20	0.6579223231530593
20	0.6625153794457689
20	0.6644062877378639
20	0.6653552580609029
20	0.6687985144492873
20	0.669592513724172
20	0.6752390428124128
20	0.6768080337925771
20	0.6768657068739861
20	0.6821108513377937
20	0.682880630954804
20	0.6845074763878121
20	0.6853261629885272
20	0.6861156537320904
20	0.6872488662534605
20	0.6874610964444634
20	0.6929113218024597
20	0.6976248269413905
20	0.6977869510499716
20	0.7016922518188348
20	0.7054781706333452
20	0.7060873080380514
20	0.7062360456163086
20	0.7075201318825797
20	0.7081667901728864
20	0.7089584215593933
20	0.7107585509031608
20	0.7117538809592715
20	0.7151856117921741
20	0.7156431470036424
20	0.7167372040218026
20	0.7173644018796319
20	0.7181812362945961
20	0.7183016245775694
20	0.7193768757848126
20	0.722835287397919
20	0.7239993063908678
20	0.7243568145681648
20	0.7304151557751429
20	0.7311986936496496
20	0.7335769830184091
20	0.740327323441662
20	0.7419642128734203
20	0.7454705758997692
20	0.7460142756171902
20	0.7468245666964998
20	0.7495750304445287
20	0.7529988802695011
20	0.7534553729482568
20	0.756773652010857
20	0.7580505264004544
20	0.7599294277599165
20	0.7609643132030427
20	0.7640052879800785
20	0.7642072010831924
20	0.7645400759400348
20	0.7665657133266207
20	0.7683937434867304
20	0.7702224887307462
20	0.7713498082111477
20	0.7717691134621497
20	0.7745170819459332
20	0.775763835924846
20	0.7766591229387604
20	0.7769832181685925
20	0.7777484977003523
20	0.7816730445206436
20	0.7823024733795995
20	0.7852570038908371
20	0.7857203915735333
20	0.786176099290477
20	0.7901061468972663
20	0.7929514901679582
20	0.7945563035004711
20	0.8013679635270814
20	0.802251044792155
20	0.8040408162103155
20	0.8052857478610126
20	0.8067640936630984
20	0.8079228781423992
20	0.8103317507054734
20	0.8134541233373277
20	0.8137077587424859
20	0.8172403237113437
20	0.8174583630880448
20	0.8190014894694709
20	0.8198399624012477
20	0.8244278909111358
20	0.825809891132962
20	0.8272116238507166
20	0.8292683522440548
20	0.8348951880327511
20	0.8349488679738007
20	0.8405558879980691
20	0.8405589797650255
20	0.8427908265807779
20	0.8460825389670161
20	0.8469749857520116
20	0.84776233199383
20	0.8479634661592089
20	0.8513238044266784
20	0.8517353199104281
20	0.8550788861366174
20	0.8581110662386381
20	0.8594764632307623
20	0.86038044200401
20	0.8610169442681932
20	0.8646826586834376
20	0.8689351285125245
20	0.8697297810611292
20	0.8716089585096217
20	0.8766024985406674
20	0.8781194938474199
20	0.8805471749581161
20	0.8843144591676326
20	0.8852037487935046
20	0.8870713646667846
20	0.8876540236689883
20	0.8887602981676922
20	0.8888948030172574
20	0.89343891455914
20	0.8970363771968216
20	0.8976897089746383
20	0.8992280960852194
20	0.8994323188444548
20	0.9079753122872382
20	0.9171926653575054
20	0.9196104072404229
20	0.9214319016332578
20	0.9234268241648331
20	0.9262828044333343
20	0.9295649362465761
20	0.9329704088802614
20	0.9345070844090642
20	0.9352015085702732
20	0.9416691917626631
20	0.948165030371178
20	0.9523077544357436
20	0.952554481887488
20	0.9531463460490267
20	0.9587824734383293
20	0.9609094325067522
20	0.9659017293829504
20	0.9674369719649453
20	0.967692888191532
20	0.9688343623953916
20	0.970442784227977
20	0.9773599124438228
20	0.9831546415730157
20	0.9933059118026472
20	0.993378163771804
20	1.0002721271299388
20	1.0029035593054714
20	1.003341029875674
20	1.0087909290371402
20	1.0140717664426122
20	1.0180702975417455
20	1.019044676104572
20	1.0238525626974317
20	1.02574850850329
20	1.0357760279689332
20	1.0562727026385172
20	1.0636450728932103
20	1.0777778159546119
20	1.0838696824122012
20	1.0852332875140305
20	1.0960387474024107
20	1.1239627596039379
20	1.1425289718169565
20	1.1959585445017649
