20	0.3009470242219958
20	0.30953205711532567
20	0.3148847772123781
20	0.31946882819441086
20	0.36548670959693236
20	0.36999752217839715
20	0.3752218149782372
20	0.38131900247791023
20	0.3835849942697023
20	0.38806232440804395
20	0.39191889261208085
20	0.4081513562130187
20	0.41759196263055787
20	0.41778279778220284
20	0.426377560007666
20	0.4310277996708502
20	0.4347052900271967
20	0.4354583022876711
20	0.44277982518614717
20	0.44294763108049856
20	0.44659223204793985
20	0.4487874236434831
20	0.4510210813273038
20	0.45613899213154036
20	0.4626510864183103
20	0.4694838426287399
20	0.47388604485859537
20	0.4750357518436618
20	0.4781678032433056
20	0.4807034770660312
20	0.48322508217358984
20	0.48478670856795286
20	0.48857460162253913
20	0.4893645689335381
20	0.4897049693919117
20	0.4932872877601835
20	0.4956703254784945
20	0.4971322687110167
20	0.4978886739892249
20	0.500747713807417
20	0.5015285284599993
20	0.5026470205119459
20	0.5029256581864634
20	0.5029722893815841
20	0.5045363196545185
20	0.5070297199318378
20	0.5093791315784386
20	0.5175326107480227
20	0.519864498584281
20	0.5217512197970419
20	0.5224901945281888
20	0.527842533612644
20	0.529285649493282
20	0.5314463322776151
20	0.5337813270720516
20	0.5359900262677969
20	0.5365893008625963
20	0.5371205343234866
20	0.5388379358769878
20	0.5399007280992462
20	0.5410519811404054
20	0.5414971141993185
20	0.5424365422475456
20	0.5444780317848842
20	0.5446045072093103
20	0.5446755834201225
20	0.5471205398907342
20	0.5479090891653817
20	0.5480992734712467
20	0.5496682040094538
20	0.5512437653319361
20	0.5550034759490954
20	0.5597560167206195
20	0.5607835183207863
20	0.562155671453785
20	0.5654712974293264
20	0.5667034983796958
20	0.5689053520055402
20	0.5694153696027302
20	0.5708527744249824
20	0.5712296173223365
20	0.5739519180166736
20	0.5755925073797276
20	0.5778400603692121
20	0.5786574079401615
20	0.5793177311557844
20	0.5822591577497488
20	0.5824018261056009
20	0.5830682891748227
20	0.5839535918122986
20	0.5860110360447595
20	0.5861779889548405
20	0.5873965627959736
20	0.5878861234466322
20	0.5886205732134854
20	0.5886913771320824
20	0.5901911045792044
20	0.5907198190011366
20	0.5909353377270412
20	0.590980943087838
20	0.5911591543795768
20	0.5924291244779237
20	0.5926025041834079
20	0.5934869427001723
20	0.593797559602096
20	0.5960968274599353
20	0.5975940052290263
20	0.5982934868079526
20	0.5988808921117768
20	0.6014586908936403
20	0.6022362026956161
20	0.60332836317159
20	0.6049432937645353
20	0.6051009168817835
20	0.6058113081059684
20	0.6084647446795305
20	0.6085218764275612
20	0.608844146848987
20	0.6106395151225719
20	0.6106779553152973
20	0.6126482537027895
20	0.6151900736131551
20	0.6156437317128401
20	0.616681551412704
20	0.6169966456771692
20	0.6172620259816386
20	0.6187905934470139
20	0.6198745967650034
20	0.6202100072910892
20	0.6218538972789897
20	0.6219382073667108
20	0.6228910755548571
20	0.6239758139136199
20	0.6246272990636192
20	0.6250836163563362
20	0.6255664538327013
20	0.6256793261789895
20	0.6287658683737984
20	0.6288817979882313
20	0.6301092157258226
20	0.6312652557237856
20	0.6315522714797394
20	0.6320794584463815
20	0.6322375708499101
20	0.6329016734522297
20	0.633226326657128
20	0.6337838523314073
20	0.6341065707911585
20	0.6348386511763152
20	0.6353616526568694
20	0.6360682828671074
20	0.6364735825449832
20	0.6367921593656304
20	0.6371460027945894
20	0.6386256950710559
20	0.639939181973556
20	0.6417835891215445
20	0.6423973851722902
20	0.6427881309067734
20	0.6443116166243859
20	0.6444811272334604
20	0.6445601705473273
20	0.6461499438566454
20	0.6462051510327552
20	0.6476687884510726
20	0.6480749612944573
20	0.6486866360099975
20	0.6494546557742447
20	0.6498322786216627
20	0.6498579600163295
20	0.6512679617971504
20	0.651358820527006
20	0.651976241658146
20	0.6529143137811712
20	0.6541545540065941
20	0.654478545149946
20	0.6547978249287773
20	0.6548759645576315
20	0.6558292024847516
20	0.6566725524639669
20	0.6568286122798899
20	0.6569355670309084
20	0.6570060503738824
20	0.6582705293575603
20	0.6582850230390997
20	0.658372684320371
20	0.6584924968910801
20	0.6585917910337254
20	0.6595626114705301
20	0.66145316878206
20	0.6617801515734313
20	0.6621582908687192
20	0.6632667234044372
20	0.6633938765140822
20	0.6639477132220885
20	0.6643071865451821
20	0.6646949030450278
20	0.665322075812589
20	0.665949857691407
20	0.6666588112810443
20	0.6680362913418213
20	0.6699230226688798
20	0.6701407076210687
20	0.6705487140156413
20	0.6711938559408438
20	0.6717879513434282
20	0.6724505377748775
20	0.6725184464093045
20	0.6733307096530643
20	0.6734267779215145
20	0.6747823289886717
20	0.6748208356710694
20	0.676598867325612
20	0.6777144891605773
20	0.6784064941750098
20	0.6788597789506565
20	0.6793148728796942
20	0.6821405226444802
20	0.6823537246162019
20	0.6830122650185808
20	0.6848774654420517
20	0.6855345709705667
20	0.6855570383432805
20	0.6856049473487005
20	0.6858928854643082
20	0.6875152751666935
20	0.6875903910983463
20	0.6889135170134529
20	0.6896203763464046
20	0.6903397994041366
20	0.6906661668214056
20	0.6913752374944695
20	0.6921938841725599
20	0.69315694448431
20	0.6941259361927516
20	0.694463133349141
20	0.6948190819491502
20	0.6953558328295492
20	0.6958917591448983
20	0.6959045877754166
20	0.6959977196598031
20	0.6972394367945846
20	0.6976069487147488
20	0.6977647269978152
20	0.6980177489640164
20	0.6980853349709933
20	0.6994050711017995
20	0.6994630190294074
20	0.6994886337017525
20	0.7005140647124366
20	0.7008646113921758
20	0.7010157113834601
20	0.7025371002220413
20	0.7029652706082888
20	0.7033426224565499
20	0.7041871409442203
20	0.704399014877678
20	0.704518547190768
20	0.7049132810698555
20	0.7051283359342507
20	0.7055861650902027
20	0.7061244486112072
20	0.7062476504560042
20	0.7071263645332491
20	0.707222274020199
20	0.7073325344580766
20	0.7074270489606505
20	0.7079761084404085
20	0.7080473239601583
20	0.7084358150045958
20	0.7084714603036552
20	0.7088010811799382
20	0.7092022663647473
20	0.7093940838193924
20	0.7103198090162836
20	0.7104967690448164
20	0.7105310256609492
20	0.7106154042712313
20	0.7117159002848666
20	0.711757851804656
20	0.7117861897099453
20	0.7142440799725563
20	0.7144783047370432
20	0.7147352862376036
20	0.715456186799324
20	0.716547292643288
20	0.7166908541968395
20	0.7169073983519328
20	0.7173160480416562
20	0.7176693771195588
20	0.7181652538813865
20	0.7188648295396868
20	0.719002850507374
20	0.7198037782026586
20	0.7213631753060348
20	0.7214979983862673
20	0.722203801446959
20	0.7222833438289009
20	0.7225362249542839
20	0.7225831588113621
20	0.7232767928999856
20	0.7238813438750744
20	0.7250561670953001
20	0.7255808033576319
20	0.7270394054152244
20	0.7272769909268163
20	0.7278999915705332
20	0.7279451881909442
20	0.7280179168509265
20	0.7283267416187258
20	0.7296675006841284
20	0.7315009155013019
20	0.7315220135398842
20	0.731692919730522
20	0.731809482809948
20	0.7318421437634895
20	0.7319741911336564
20	0.732393809230268
20	0.7334686091301642
20	0.7335524701777587
20	0.7335825319979378
20	0.7342808701043433
20	0.7346765853654257
20	0.735168155348955
20	0.7355782793403162
20	0.7356999802116493
20	0.7362389106898128
20	0.7362460283157373
20	0.7365766979043091
20	0.736591499013965
20	0.7371164938832443
20	0.737212280184039
20	0.7380705102671936
20	0.7383497057274183
20	0.7388803274123994
20	0.7389058982966982
20	0.7390231670096334
20	0.7391728595124709
20	0.7395853262410502
20	0.7397681930783332
20	0.7405177458729447
20	0.7407664494587437
20	0.7409712402035662
20	0.7413569999001373
20	0.7419491863488377
20	0.7419746995687387
20	0.7420685272046271
20	0.7431344392346014
20	0.7432510482640355
20	0.7433103995705556
20	0.7437468362951732
20	0.7438759408451562
20	0.744321375496975
20	0.7443435472941926
20	0.7444598940517599
20	0.7454267291985105
20	0.745716884589568
20	0.7478606086910461
20	0.7479776092977121
20	0.748071495173835
20	0.7484313448022153
20	0.7485333584424366
20	0.7485456540578063
20	0.7494523288407299
20	0.7495683154368289
20	0.7501160846905686
20	0.7503230170443459
20	0.7504468520383215
20	0.7506305650390279
20	0.7510484197640603
20	0.7511546624540584
20	0.7513355366605161
20	0.7516666288104153
20	0.7520625386051133
20	0.7528491156432349
20	0.7529247170178806
20	0.7538977988458887
20	0.7540784757354656
20	0.754192864135876
20	0.7547909246105124
20	0.7561655072961079
20	0.7563409468270612
20	0.7565303077529757
20	0.7565321077584465
20	0.7567087329817398
20	0.7568848889409537
20	0.7576305400897033
20	0.7577631197593636
20	0.75796743672055
20	0.7582963891580962
20	0.758750768747798
20	0.7588209237597032
20	0.7593180609942366
20	0.7601540134481216
20	0.760270630179265
20	0.7608421790460069
20	0.760881662759132
20	0.7610946554628456
20	0.7614017193689662
20	0.7614823066091163
20	0.7615137992780573
20	0.7618020644334592
20	0.7618165025665937
20	0.7618982242495922
20	0.7619627496607939
20	0.7627011827544822
20	0.7628124254776524
20	0.7631751388595824
20	0.7634723661407203
20	0.7635730101599034
20	0.7642187111249644
20	0.7643490346154657
20	0.7643629363199338
20	0.7644447212688277
20	0.7649381873367918
20	0.7649463451047765
20	0.7649760209584838
20	0.765028860884788
20	0.7651452112723756
20	0.765486752290937
20	0.7655320059008031
20	0.7658403811870487
20	0.7659921770546012
20	0.7666493445432926
20	0.7672601102723817
20	0.7675119006218221
20	0.7676896097439717
20	0.7679437661823805
20	0.7680992258351577
20	0.7684310533831322
20	0.7688074018893502
20	0.7690099669873875
20	0.7695492871954112
20	0.7704670450953847
20	0.7705883879790439
20	0.7707295609435428
20	0.7710155040725992
20	0.7710359074307036
20	0.7710585867963244
20	0.7715818783404067
20	0.7718892576502945
20	0.7725811672406606
20	0.7726067058301785
20	0.7730326393648599
20	0.773081521150134
20	0.7744623475513818
20	0.774581544422627
20	0.7753505379985715
20	0.7756461734108702
20	0.7758726996490659
20	0.7762924049062134
20	0.7771588031760361
20	0.7772150646597463
20	0.7778644905857862
20	0.7779193569348477
20	0.7780154159811581
20	0.7782624323458041
20	0.7785536883022216
20	0.7788049295883915
20	0.7802202440910768
20	0.7802903455995088
20	0.7803667178614405
20	0.7805773557560118
20	0.7819998646572841
20	0.7821333824106118
20	0.7823576126060168
20	0.7827447227884009
20	0.7829163161607974
20	0.7836906902860721
20	0.7838867040875309
20	0.7839169319056963
20	0.7842896248343899
20	0.7847723282569019
20	0.7848403656677769
20	0.785184140447821
20	0.7854993491908238
20	0.7865697488373032
20	0.786577340101251
20	0.7867544783820009
20	0.7875993517207812
20	0.7876692593249366
20	0.7877908561617586
20	0.787929677603955
20	0.7885890431269232
20	0.7886906660920582
20	0.7888372179393743
20	0.7890101215073793
20	0.7890263628414749
20	0.7892285528110885
20	0.7892356566668006
20	0.7892743023510119
20	0.789464949826724
20	0.7895605534884
20	0.7895656869415512
20	0.7898999054997049
20	0.7899398527073099
20	0.7902009397848836
20	0.7913760519816372
20	0.7921843075139527
20	0.792681123797285
20	0.7933026211452606
20	0.7933049126979194
20	0.7937514863190783
20	0.7939518104338548
20	0.7940069111184754
20	0.7950766152338807
20	0.7951039152555567
20	0.7956357070568689
20	0.7959640890620101
20	0.7961706887344252
20	0.7965466841640155
20	0.7967723712470066
20	0.7968949273239823
20	0.7970331168671334
20	0.7971815843487344
20	0.7972956233155296
20	0.7976241302049976
20	0.798017970505472
20	0.7983260062192932
20	0.7988702365980275
20	0.7989873550263993
20	0.7991556665775582
20	0.7993185731984186
20	0.7996683110201622
20	0.8000343627571533
20	0.800279143349588
20	0.8003169368222967
20	0.8006035237590969
20	0.8010387619038746
20	0.8014921247188291
20	0.8018190958209194
20	0.8020308590835009
20	0.802110193104127
20	0.8024973048456375
20	0.8025228180806947
20	0.8026051409655038
20	0.8035385255239677
20	0.803657608030004
20	0.8040705982466049
20	0.8042570508580444
20	0.804294834549583
20	0.8043295142367547
20	0.8045851128978068
20	0.80472121781752
20	0.8047821704196787
20	0.8048903784840451
20	0.8051126383926357
20	0.8054189258106068
20	0.8055592854721604
20	0.8058906995415611
20	0.8059374909843988
20	0.8063431539985974
20	0.8073443188365276
20	0.8073565895325742
20	0.8077921260173936
20	0.8079262130870403
20	0.8084923256894759
20	0.8085186101370408
20	0.8094372919301529
20	0.8096477321882813
20	0.8098361382683197
20	0.8107347026817873
20	0.8108084346043986
20	0.8110320346742694
20	0.8112642198570251
20	0.8113559322997992
20	0.8120148084139247
20	0.8120879481297462
20	0.8122649820890938
20	0.812683411678717
20	0.8128900668301207
20	0.8137864092059688
20	0.8138687779666638
20	0.8139004639981678
20	0.8141056119304887
20	0.8147446077828101
20	0.8148405989532964
20	0.8149208537520722
20	0.8151363163056851
20	0.8153837413945443
20	0.815642151609068
20	0.8173395547300186
20	0.8178999654015582
20	0.8180889383316498
20	0.8181944256264236
20	0.8184200438090061
20	0.8184228768775615
20	0.819851414403041
20	0.820061985449474
20	0.8201135118916799
20	0.8203919764847758
20	0.8210199648889133
20	0.8211598442874891
20	0.8216216670858743
20	0.8216812433522824
20	0.8219756443831706
20	0.8220569448743871
20	0.8222122359738417
20	0.8224001226825499
20	0.8224784369550675
20	0.8229654749097833
20	0.8233160442190856
20	0.8237249258593966
20	0.8238348815635255
20	0.8240832997116251
20	0.8243583398201682
20	0.8246616428337801
20	0.8248266796572905
20	0.8253659080080762
20	0.8255299139909392
20	0.8258242727198059
20	0.8260224955984837
20	0.8262096489476104
20	0.8264631218246334
20	0.8270725075944643
20	0.8272240550755351
20	0.8273802726032302
20	0.8275590414077707
20	0.8276345512415163
20	0.8283796486944686
20	0.8283847014208346
20	0.828649581238559
20	0.8290466866565508
20	0.8294879912415456
20	0.8296697026970016
20	0.8296951952206412
20	0.8300767811918269
20	0.8301957695480722
20	0.8302069144923401
20	0.8302140094432726
20	0.8303481052340039
20	0.8303942201867509
20	0.8305436262765946
20	0.8309303656799455
20	0.8310818933607954
20	0.8312585402248179
20	0.8313216721537463
20	0.8319652096951431
20	0.832382618137613
20	0.8325023733813378
20	0.8325882569623745
20	0.832729211321266
20	0.8332692080201273
20	0.8333911523281217
20	0.8334880954441473
20	0.8335205775221641
20	0.8335975198125075
20	0.8340496049426238
20	0.834269661423697
20	0.8343209458440495
20	0.8346072818469784
20	0.8347242251158516
20	0.8349243023345462
20	0.835019774237134
20	0.8350499547059073
20	0.8350942468165661
20	0.8352654501437935
20	0.8356836002732011
20	0.8359709324913271
20	0.8359827887951967
20	0.8360370072402422
20	0.8361812099197882
20	0.8368681771671539
20	0.837167019607947
20	0.8371943342558879
20	0.8374568836789537
20	0.8375133213103105
20	0.8378848348517492
20	0.8379225812542991
20	0.8380042900620366
20	0.8382640205490914
20	0.8383353895450711
20	0.8386764227585626
20	0.8397783128336076
20	0.8406899529083995
20	0.8409345592143076
20	0.8414868703632596
20	0.8416008346170468
20	0.8419072805107302
20	0.8420026341583591
20	0.8421710426346816
20	0.8426204160187788
20	0.8428355398975735
20	0.8430875495642273
20	0.8444234806159268
20	0.8444271542941869
20	0.8452061729907467
20	0.8455085920293379
20	0.8458914144506137
20	0.8461925102589967
20	0.8463775802765767
20	0.8465119351307424
20	0.8471007084499348
20	0.8472147452326828
20	0.8473932115682887
20	0.8478857239873049
20	0.8482116153052919
20	0.8482943259287932
20	0.8487661652078801
20	0.8490978940049535
20	0.8494276172438973
20	0.8500640049055321
20	0.8500986389948153
20	0.8503928072701821
20	0.8506587665901423
20	0.8507773580395435
20	0.850789613528706
20	0.8511938591449422
20	0.8514341405462377
20	0.8517757342205464
20	0.8520300581927189
20	0.852867746995987
20	0.8530766933642092
20	0.8532156442827991
20	0.85373449142527
20	0.8538714750568652
20	0.8539004622863389
20	0.8542560181028316
20	0.8546418879765003
20	0.854735321695257
20	0.8547607968252228
20	0.8548429967811381
20	0.8549140993048198
20	0.8554938913492062
20	0.8556924231679912
20	0.8557883046382386
20	0.8558228588427356
20	0.8558837229250732
20	0.8561985307178629
20	0.8565889427293937
20	0.8569445157379543
20	0.8570615323969698
20	0.857086569168651
20	0.8573579039726078
20	0.8574495054719982
20	0.8575994134494022
20	0.8576642338203536
20	0.8577927539381668
20	0.8580056362337293
20	0.8581411218451623
20	0.8585463124269248
20	0.8585598321584604
20	0.8590806963028917
20	0.8591047006076508
20	0.8592136726352078
20	0.8593665153478839
20	0.8595324725700024
20	0.8596516955662133
20	0.8600593978503613
20	0.8601561996287929
20	0.8603486181007961
20	0.8603636145283572
20	0.8604494711656042
20	0.8605321406392898
20	0.8607422804687984
20	0.8607943803491831
20	0.8608038421440295
20	0.8611222916199824
20	0.8617550617368104
20	0.8620056856482047
20	0.8625133574408117
20	0.8630919666255774
20	0.8634175327978184
20	0.8637204841614454
20	0.864239829231932
20	0.8655669603796255
20	0.8656384253157523
20	0.8658109968498664
20	0.865853020611869
20	0.8660171868854104
20	0.8661047519975136
20	0.8661894511478476
20	0.8662896961953226
20	0.8667282358528058
20	0.866739991877561
20	0.866879551648272
20	0.8669647265074595
20	0.8670260825037238
20	0.8670786149768901
20	0.8673569297698246
20	0.8674036412410991
20	0.8677222849920764
20	0.8677433347234461
20	0.8677810515583351
20	0.868097519710448
20	0.8689829079674732
20	0.8691716190820179
20	0.8698273476191474
20	0.8698732556931099
20	0.8699541295895978
20	0.8707788471359135
20	0.8708638321165122
20	0.8709316616859152
20	0.8712721934514196
20	0.8713663633926573
20	0.871488636369802
20	0.8718602006542175
20	0.8719767416476155
20	0.8725938296661676
20	0.8728129111378183
20	0.8731852331480334
20	0.8737537707117478
20	0.8739846070695207
20	0.8741184705635867
20	0.8743535982270426
20	0.874415181519644
20	0.8747762224358687
20	0.8752473930007733
20	0.8754324325276521
20	0.8756029043185592
20	0.8756499914347425
20	0.8757453621756547
20	0.875932405828202
20	0.8761306184827347
20	0.8761906404081196
20	0.8764245929670355
20	0.8765869996785994
20	0.8772468678313758
20	0.8775057432544927
20	0.877616061009096
20	0.8777349014170546
20	0.8779234358034698
20	0.8779375852241769
20	0.8781174802997636
20	0.8781429405191751
20	0.8784502927249573
20	0.8787963533785567
20	0.8791067200208478
20	0.8792328369298037
20	0.8793702371611143
20	0.8795472006746262
20	0.8797021215030127
20	0.8798013009116498
20	0.8800645940179553
20	0.8803832294593977
20	0.8808643992910429
20	0.881173132311231
20	0.8812468626159742
20	0.8816094289920013
20	0.881884711643762
20	0.8819946451434663
20	0.8821469830670577
20	0.8824055159798913
20	0.8828254889386358
20	0.8830889770974893
20	0.8835029567299248
20	0.8835352145730919
20	0.8836513583547809
20	0.8837129780431605
20	0.8837527852631402
20	0.8839171299678319
20	0.8843414040429797
20	0.8844030340140976
20	0.8851178419052772
20	0.8853283821926504
20	0.8853356754740915
20	0.8856677344857502
20	0.8867999691983907
20	0.8868462028418088
20	0.8868808107118294
20	0.8874357653346431
20	0.8874703672683857
20	0.8879240435496132
20	0.8880299753505592
20	0.8882241406319346
20	0.8888090615873386
20	0.8890095459236877
20	0.889065005781858
20	0.8891841061525364
20	0.8894548037369948
20	0.8896955928045389
20	0.8898089248749643
20	0.8901924730085066
20	0.8903398745973862
20	0.8908320653356574
20	0.8909589455380311
20	0.8910294482550993
20	0.891227338069137
20	0.8914793993049078
20	0.8916239140676208
20	0.8918898585941049
20	0.8919035923824749
20	0.8921376318323192
20	0.8925234045664637
20	0.8926832919531847
20	0.8927613098419854
20	0.8929315557842336
20	0.8929448936223998
20	0.8931098203172231
20	0.8935157127024792
20	0.893519393082333
20	0.8937672774811674
20	0.8938500310831903
20	0.8941516690693704
20	0.8946406559926445
20	0.8947359841818405
20	0.8948125813611228
20	0.8948684575800719
20	0.8949061500618375
20	0.8950186286118418
20	0.8954047791808712
20	0.8954118623860583
20	0.8954713151874486
20	0.8957409338531978
20	0.8958128469479053
20	0.896026827011953
20	0.8961060425540509
20	0.8964455962411325
20	0.8974874258007788
20	0.8975070210546897
20	0.8978474946047471
20	0.8980320232202929
20	0.8986431160404122
20	0.898748181251483
20	0.898872045362219
20	0.899272196038024
20	0.8993909766425445
20	0.8998746550778592
20	0.8999146691854167
20	0.9001144203953216
20	0.9001398676278637
20	0.9002219775843161
20	0.900233158460232
20	0.9004518955100561
20	0.9004691809653566
20	0.9005126942060728
20	0.9011041117370354
20	0.9014113006455499
20	0.9016935840077912
20	0.9022853604913982
20	0.9024732197097428
20	0.9031685216403523
20	0.9034108912662847
20	0.903448729728116
20	0.9038604683076493
20	0.9039050613541776
20	0.904242543487209
20	0.9045687681434181
20	0.9050781330022456
20	0.9051561577210863
20	0.9053660754206789
20	0.905529415925155
20	0.9057722172944606
20	0.9065056321933155
20	0.9065279950164025
20	0.9066096282072985
20	0.9071813612678086
20	0.9073350818786654
20	0.9076217160043005
20	0.9078579809108228
20	0.9086249555269773
20	0.9087934184940694
20	0.9096106128871132
20	0.9101344360149358
20	0.9101643452438609
20	0.9105687444995048
20	0.9113350358388285
20	0.9113457688330988
20	0.9113768609192633
20	0.9114687847256278
20	0.9115494031719875
20	0.9119922272118093
20	0.9123307053277055
20	0.9127816244524888
20	0.9128652535320506
20	0.9129536605451399
20	0.9129605433413663
20	0.913067427830975
20	0.9132465697270573
20	0.913281172021597
20	0.9134753933189874
20	0.9134792160925091
20	0.9135390176024255
20	0.9135981147271163
20	0.9137866319365086
20	0.9140852504458435
20	0.9155448719274688
20	0.9156461868903463
20	0.9159545766107429
20	0.9159874938496418
20	0.9161328526302126
20	0.9162883541851709
20	0.9172107682368841
20	0.9173506472379563
20	0.9180464186025232
20	0.9183768786897885
20	0.9183891146353299
20	0.9184235355307119
20	0.9186761548123171
20	0.9188949323381015
20	0.9189618660289045
20	0.9191778395611128
20	0.9192132905583467
20	0.9195233493051695
20	0.919813180072355
20	0.9198477572370155
20	0.9198942359014685
20	0.9199319077864087
20	0.9199438232422569
20	0.9200410809275895
20	0.9204069651273012
20	0.920463945771161
20	0.9208498821656828
20	0.9209456181120051
20	0.920945975439047
20	0.920971053888399
20	0.9209923551606436
20	0.9212891001319474
20	0.9214950285516676
20	0.921735089740704
20	0.921744693776575
20	0.9217450428612031
20	0.9221099452762281
20	0.9222169178607328
20	0.9225026466626203
20	0.9225128418289407
20	0.9227488743464985
20	0.9227640781622759
20	0.9229313783301665
20	0.9230488413196242
20	0.9230559202744867
20	0.9230897627151983
20	0.9231345236868714
20	0.9232250444906398
20	0.9233847943887907
20	0.9234189133701407
20	0.9238265362615078
20	0.9239983512072837
20	0.9245184312879743
20	0.9245712071718588
20	0.9247946573022512
20	0.9253462376835955
20	0.9254219658712024
20	0.9256945462834576
20	0.9259043723034222
20	0.9261471027992348
20	0.9262119264118716
20	0.9263581971813171
20	0.9265981837370924
20	0.926748951109096
20	0.9268531068034184
20	0.9270124473656015
20	0.927556044969216
20	0.9275963169369624
20	0.927755678108213
20	0.9282518498745265
20	0.9285634153693753
20	0.928797980779675
20	0.9294747652957158
20	0.9298825186721578
20	0.9302662583830589
20	0.9304443795617046
20	0.9305679577591606
20	0.9307137050178707
20	0.9310880278636632
20	0.9312116700010298
20	0.931499525934523
20	0.9318814802154517
20	0.9321457755004904
20	0.932820188575187
20	0.9330794706069236
20	0.933156511149285
20	0.9334382047806812
20	0.9338045220189698
20	0.9340191475235655
20	0.9341328651452566
20	0.9343213022401297
20	0.9346527548860131
20	0.9348184907615488
20	0.9349182320833729
20	0.9351502442482414
20	0.9352620528480088
20	0.935425608681518
20	0.9354808545379759
20	0.9355349592773307
20	0.9357253978444113
20	0.9359042318790448
20	0.9363048719450652
20	0.936482432126982
20	0.9366322255642588
20	0.9369937670373311
20	0.9371101404141398
20	0.9374283802287733
20	0.9374432761408713
20	0.937797894175997
20	0.9378533328378085
20	0.9384142279316491
20	0.9389660654808806
20	0.9391840278815036
20	0.9393258178781996
20	0.939545087880074
20	0.9396126523630886
20	0.940060455402626
20	0.9401524553617664
20	0.9404498292059488
20	0.9407781399151421
20	0.9408035654797974
20	0.9409877154281685
20	0.9413180214589564
20	0.9422177546501734
20	0.9425260792263637
20	0.9431714927197328
20	0.9432421373155476
20	0.943279791434915
20	0.9435867106777737
20	0.9436748250036768
20	0.9436959930149024
20	0.9438296533391476
20	0.9439109929317379
20	0.9441088349798265
20	0.9442861200061827
20	0.9443065027400209
20	0.9446000429913197
20	0.9447246433569281
20	0.9450536513118853
20	0.9451023354302641
20	0.9451416257782201
20	0.9456408442948773
20	0.9458018310082772
20	0.9458141846211001
20	0.9458387580598194
20	0.9460076581334554
20	0.9461885645856926
20	0.9464064200979565
20	0.9464709142731461
20	0.9467291928761973
20	0.9467414218355669
20	0.9469262662355437
20	0.9470147815636634
20	0.9470558386308514
20	0.9472782274729253
20	0.9473433287370573
20	0.9474179556450565
20	0.9475241721241674
20	0.9479435618554177
20	0.9481455436184083
20	0.9482066845084015
20	0.9483453925927494
20	0.9484792894123765
20	0.9484863647789111
20	0.9485749724550745
20	0.9486553683178788
20	0.9487805151696377
20	0.9488150722758238
20	0.9488695732404143
20	0.9489088130690866
20	0.9489638881797067
20	0.9493640084372246
20	0.9493739560723817
20	0.9495189232620505
20	0.9495954322144745
20	0.9498567227116522
20	0.9498569850856392
20	0.9507941091935308
20	0.9510313610766115
20	0.9511069042948525
20	0.9512546941485344
20	0.9521458227856086
20	0.9521996329037388
20	0.9529632744339567
20	0.95298422462734
20	0.9531837580415667
20	0.953471326873751
20	0.9538062014068843
20	0.9540988702712817
20	0.9543910784316929
20	0.9544472860477365
20	0.9544950349386414
20	0.9547100861459322
20	0.9552218673308098
20	0.9557156083845212
20	0.9559513969496145
20	0.9561886113363963
20	0.9562063760971923
20	0.9565144524280035
20	0.9568375564483917
20	0.9569257472913394
20	0.9573549061220077
20	0.9575336656512456
20	0.9575865073831883
20	0.9580491511494116
20	0.9581116252976866
20	0.9582747917474835
20	0.9583112155233666
20	0.9584984785881124
20	0.9586020071952314
20	0.9589083697883584
20	0.9594222504460833
20	0.9597426422771469
20	0.9597680586596395
20	0.9600785396381178
20	0.9602430827406183
20	0.9605844191997573
20	0.9607302619574465
20	0.9609132704683202
20	0.9611375877698987
20	0.9614808414352574
20	0.9617801315124063
20	0.9619353888113586
20	0.9626150487541854
20	0.9627930588896603
20	0.9629452194612967
20	0.9629918354697652
20	0.9632901634334474
20	0.9633810399986203
20	0.9637267534075421
20	0.964493397286482
20	0.9646065024245565
20	0.9646144763523841
20	0.9647307886234922
20	0.9648999307191019
20	0.965151129413914
20	0.9652091591572534
20	0.9652467977182283
20	0.9655371334589591
20	0.9655756790306265
20	0.9656523873459077
20	0.965785026999687
20	0.9664006639275511
20	0.966585742180248
20	0.9666139012884815
20	0.9667862553820592
20	0.967164462635398
20	0.9672402831845942
20	0.9673772598132047
20	0.9675770984582559
20	0.9681769223973171
20	0.9683901482035885
20	0.9683968734867255
20	0.9685013261963034
20	0.9686689138339568
20	0.9687307358601036
20	0.9688658983872451
20	0.968936475070083
20	0.9690070788879538
20	0.9696577020673025
20	0.9701420430333633
20	0.9708595969854338
20	0.9709072703820584
20	0.9714268803824916
20	0.9715520710623425
20	0.9715718845832066
20	0.971626624990993
20	0.9717454404067
20	0.9718899182211925
20	0.9719444017132067
20	0.9719556991121037
20	0.9721567049502855
20	0.9726499832651491
20	0.9727067186569763
20	0.9727189417411102
20	0.9727835716831308
20	0.9727841681797746
20	0.9729353283168964
20	0.9729426809117362
20	0.9734635804168349
20	0.973897350575548
20	0.9739929888485808
20	0.9740948398947316
20	0.9743448663409211
20	0.9745937911991359
20	0.9747816561503295
20	0.9747915991431659
20	0.97485496182545
20	0.9751394410713827
20	0.9752284540338829
20	0.9752629943561976
20	0.975530123834634
20	0.975558617801813
20	0.9757533568578701
20	0.9758216069606533
20	0.9761701630354853
20	0.9764693022697932
20	0.9764841598610816
20	0.9771331815779456
20	0.9771389370607544
20	0.977296899031429
20	0.9773163618832099
20	0.9775621778480963
20	0.9778722905619605
20	0.9779435922492882
20	0.9779690003140454
20	0.9780509839103659
20	0.9781468055848208
20	0.9781535118323987
20	0.9786287298322757
20	0.9790821017583001
20	0.9792072096788909
20	0.979321849049145
20	0.9794091947791181
20	0.9794724661990004
20	0.97960977872906
20	0.9804688741870177
20	0.9809930152140014
20	0.9811190864742002
20	0.9812070940504374
20	0.9812348778627359
20	0.9816031074914952
20	0.9822958882890765
20	0.9823497462589735
20	0.9826911235111309
20	0.98304735215681
20	0.9830974166270384
20	0.9831097618399426
20	0.9831305009090707
20	0.9833503239661208
20	0.9834605513674936
20	0.9843353369113319
20	0.9845933835885785
20	0.9846104508054294
20	0.9849995063963829
20	0.985298401541149
20	0.985352953914846
20	0.9859445056671491
20	0.986013900828221
20	0.9860515255970469
20	0.9861956112289542
20	0.9864293463428866
20	0.9868119958215795
20	0.987351817349027
20	0.9874446835329156
20	0.9878301327107393
20	0.987948145064583
20	0.9882218812814072
20	0.9882660881596403
20	0.989170445757896
20	0.9896062468340782
20	0.9896874986169419
20	0.9898582386775956
20	0.9899090112409935
20	0.990025171663354
20	0.9901414321495754
20	0.9902226752735913
20	0.9903471729268192
20	0.9905528347517883
20	0.9909338861317407
20	0.9910965901899755
20	0.9912737908551101
20	0.9915591508676597
20	0.9917370706671659
20	0.9917536615431802
20	0.9919825822216956
20	0.9919955623158222
20	0.9925740268351507
20	0.9928156809882062
20	0.9928402726443598
20	0.9930609294304967
20	0.9931599832403033
20	0.9934365486493744
20	0.993468024277994
20	0.9937391298252068
20	0.9938058941593376
20	0.9938258537604018
20	0.9938567318186269
20	0.993976959175286
20	0.9943452584038719
20	0.9943920199368743
20	0.994399089504567
20	0.9947275277375718
20	0.9949399714354207
20	0.995624592247205
20	0.9960419218204447
20	0.9961062713357911
20	0.9962675376075909
20	0.9979526290752471
20	0.9981790561414328
20	0.9984468915084637
20	0.9986700374944226
20	0.9988932883253869
20	0.998929610349262
20	0.9990823677815358
20	0.9990867436602554
20	0.9990926604941688
20	0.9991753733021473
20	0.9992202717782926
20	0.9993488472088774
20	0.9994827927671652
20	0.9997167662312012
20	0.9997512921793983
20	0.9997597500054849
20	1.0003096725226677
20	1.000545523797511
20	1.0008848202569944
20	1.000895126518862
20	1.0009645198509636
20	1.001227395770708
20	1.0018896637839951
20	1.0021225511233045
20	1.0024206777555373
20	1.0025384069831889
20	1.0028316439122538
20	1.0028466983183861
20	1.0028582191714215
20	1.003731576105274
20	1.0038245592694308
20	1.0038957779750284
20	1.004142418758187
20	1.0043024175494322
20	1.0043882440101384
20	1.0046586500200578
20	1.0051075241449599
20	1.0051181504662459
20	1.0052508721043263
20	1.0053784714504481
20	1.0055070735127163
20	1.0055441015516788
20	1.005670894639793
20	1.005822788331719
20	1.0058604007516576
20	1.006011266268337
20	1.0061463431261681
20	1.0070899095741388
20	1.0082882474167298
20	1.008353204792112
20	1.0088060993274757
20	1.0094794911867557
20	1.0099280436829965
20	1.010054054418726
20	1.0101420197577091
20	1.0104026163312265
20	1.0105063354094594
20	1.0108529337364458
20	1.0110047769585224
20	1.0110585266684213
20	1.0110607738360697
20	1.0111430448085672
20	1.0117792415976654
20	1.0120645062946365
20	1.012190843729036
20	1.0123804661268356
20	1.0124058596573322
20	1.0124877963638472
20	1.0127048902137985
20	1.012752728409206
20	1.0127886709833627
20	1.0133125320671474
20	1.0136107174411317
20	1.0138749110229812
20	1.0139222990472805
20	1.0142313759430948
20	1.0144084520738783
20	1.0146685405181792
20	1.0148910241750657
20	1.0149035007361424
20	1.014990994498702
20	1.015356224006766
20	1.0154158139277778
20	1.015426130490543
20	1.015428152593708
20	1.0154331976590931
20	1.0157615244881357
20	1.0159524212195747
20	1.0160700537415635
20	1.016287427593754
20	1.0172313102299313
20	1.0173214456656696
20	1.0173465943464823
20	1.0174533273214095
20	1.017784129778614
20	1.0178385716816678
20	1.017987612332587
20	1.0181015952424528
20	1.0181654562509441
20	1.0182143386618945
20	1.0186184059988916
20	1.018836090063498
20	1.0188682481918085
20	1.0189509306569948
20	1.0191284340211877
20	1.0192441190952608
20	1.0194203180731467
20	1.0194325316942106
20	1.0197900342718844
20	1.0198642114366399
20	1.0198855999833878
20	1.0199258814497318
20	1.020052634100972
20	1.020125186874269
20	1.0201666643046885
20	1.0202624005135879
20	1.0202757033142578
20	1.0203805155408845
20	1.0204094536849784
20	1.0206736697077743
20	1.0206836051757469
20	1.0208609390143386
20	1.0211546438931196
20	1.0214500440277379
20	1.0215035894482671
20	1.0218640937286387
20	1.0219212255254624
20	1.0219902663387828
20	1.0223971727261332
20	1.0224897268247937
20	1.022532805999858
20	1.0226244343802358
20	1.0226589478012693
20	1.023217125722632
20	1.023348347497662
20	1.0234520957892421
20	1.0234565751030118
20	1.023565473253753
20	1.0236989496306197
20	1.0237270355389907
20	1.0238597888766245
20	1.0238629258326355
20	1.0239281830948468
20	1.0240509444782395
20	1.0245714537141655
20	1.0247448579969027
20	1.0247659964098923
20	1.0248035976806658
20	1.0250091204470615
20	1.0255076553082758
20	1.0256935600756591
20	1.025705298326032
20	1.02594105526615
20	1.0261716356606538
20	1.0267252213697566
20	1.0268019390596859
20	1.0271765332021798
20	1.0273196597519003
20	1.0274900106713987
20	1.0276144343229705
20	1.0282085177643772
20	1.0287457870527965
20	1.0287711741795962
20	1.0307730176703276
20	1.030937649018512
20	1.0309439845153732
20	1.0314135333238086
20	1.031530320033554
20	1.0315351054001884
20	1.0317927083415201
20	1.0322472667977622
20	1.03298434742452
20	1.033203401788396
20	1.0334109079164315
20	1.0335118952513773
20	1.0339542537886595
20	1.0340313788221684
20	1.0341983676545534
20	1.0351664378448961
20	1.0353090083245355
20	1.0355823313396253
20	1.0356079343858073
20	1.035905906446686
20	1.0359308567427268
20	1.0360220828518225
20	1.036203478408458
20	1.0363488775431084
20	1.0364499188313738
20	1.0364748373600359
20	1.0365627671648043
20	1.0369659704162282
20	1.037557898059078
20	1.037581797604384
20	1.0376698855464845
20	1.0377283093521388
20	1.0377284111616483
20	1.0378748759687624
20	1.0379777120759826
20	1.0383179149158515
20	1.038348031820706
20	1.0384529248361827
20	1.0384844793703345
20	1.0388105692346372
20	1.0390011237616454
20	1.0391150783496734
20	1.0396839093603933
20	1.0397985517494561
20	1.0398621967160548
20	1.0399658163559728
20	1.0402228880810487
20	1.040380870696652
20	1.0405488651172863
20	1.0405498248146428
20	1.0406504814331263
20	1.0407596561394066
20	1.0407718658533331
20	1.0408158400060707
20	1.040911375617508
20	1.0409337541591759
20	1.0416991974430336
20	1.0417091297892676
20	1.0421437982362185
20	1.0422327620262337
20	1.0423210393331348
20	1.0424592158187262
20	1.0426369945319094
20	1.0428422630698455
20	1.0429476209663735
20	1.042985212099639
20	1.0435881797234585
20	1.0442221442078186
20	1.0442566465613285
20	1.0443351285701215
20	1.0443474618829012
20	1.044476754023462
20	1.0445191646606922
20	1.0446120899643712
20	1.0446374711664277
20	1.0447193680992497
20	1.0448146456431302
20	1.0449298822197992
20	1.04503577159756
20	1.0456250912167964
20	1.0457703186155998
20	1.0457972692106148
20	1.0462810869653307
20	1.0464187651347874
20	1.0464647830709626
20	1.046598214278661
20	1.046710989127031
20	1.0468374674941676
20	1.0470027535033088
20	1.04710015933482
20	1.0476583032556959
20	1.047730197150059
20	1.0477619642188671
20	1.0479079426468603
20	1.0479198227660838
20	1.0480461465307571
20	1.0481083684693258
20	1.0481848588289762
20	1.0483983172446043
20	1.0484063095895018
20	1.0484102546119873
20	1.0485134176111723
20	1.0486038861029852
20	1.0488130572679306
20	1.0492463089378574
20	1.0494455311296447
20	1.0498800118304694
20	1.049976530663249
20	1.0500131504898778
20	1.0508377441132395
20	1.0511062665032942
20	1.051436923072432
20	1.05178788653501
20	1.0523462577744385
20	1.0527878399359267
20	1.0529665590406596
20	1.0541630630827674
20	1.0545984287238865
20	1.054735454373447
20	1.0551694737823893
20	1.05550256573621
20	1.0559970526479239
20	1.0563244514106378
20	1.0567972617234085
20	1.0568500992772478
20	1.056902723653597
20	1.0569267515784246
20	1.057042893048977
20	1.0572015573193068
20	1.057630690757002
20	1.0579779309014399
20	1.0581608416718369
20	1.0586175579149266
20	1.05879390817856
20	1.0588951305861432
20	1.059473006718586
20	1.0597863380965031
20	1.0599107037986653
20	1.0600222672701127
20	1.0600476429693155
20	1.0604428031471353
20	1.0607036243399994
20	1.0607050828104116
20	1.0608139221973576
20	1.0609398382002575
20	1.0609877232713443
20	1.0610277374287158
20	1.0610399436467433
20	1.061242442818294
20	1.0618150945081082
20	1.0618204820750312
20	1.0620248805290742
20	1.062948783292955
20	1.0630678229359067
20	1.0631097498133242
20	1.063162783862935
20	1.0636532873726536
20	1.0639126078748813
20	1.0640754996019581
20	1.064077422598579
20	1.0641383471422097
20	1.0647112052604242
20	1.0647456977279375
20	1.0651140386557052
20	1.0653035370596406
20	1.0653464559469634
20	1.0653523007197543
20	1.0654221656682317
20	1.0655300224369004
20	1.0656501474622984
20	1.0657335656623788
20	1.0658762193387619
20	1.066240237310314
20	1.066467905762367
20	1.0665757555840467
20	1.0666430532987736
20	1.0668875489442542
20	1.0672276134944245
20	1.067362568571278
20	1.0674364952739266
20	1.0678550754812912
20	1.0680551029029042
20	1.068117690758037
20	1.0681884941439137
20	1.068333608214013
20	1.0684175814707444
20	1.0685171654126773
20	1.068641129972053
20	1.068779303004503
20	1.068886188671428
20	1.0689813995553343
20	1.0692504066991717
20	1.0694274050421537
20	1.069497831006549
20	1.069717217655593
20	1.0697276690644868
20	1.069894390695805
20	1.069996049356144
20	1.070193567017979
20	1.0702277822577042
20	1.070308763045584
20	1.0704284162739028
20	1.0705207320084689
20	1.070601707100851
20	1.0707427244048544
20	1.070755053201638
20	1.0710298366862687
20	1.0711408788022747
20	1.0711758452458873
20	1.071561520042221
20	1.0717971232410768
20	1.0720892448961767
20	1.0721845646732664
20	1.072204842052869
20	1.0723809071802957
20	1.0726952048663627
20	1.0728672303194284
20	1.073257507329551
20	1.0732738413146707
20	1.0732744759691244
20	1.0743324762266224
20	1.0744523905899737
20	1.074678018960818
20	1.0748228333286483
20	1.0749264160340755
20	1.0750134054269596
20	1.0750387759973483
20	1.075617317781761
20	1.075755977693448
20	1.0765642565361966
20	1.0765678482349825
20	1.0766361219833187
20	1.0767904827334667
20	1.0772429805664647
20	1.0773506420058605
20	1.0773882153358896
20	1.0776869664083413
20	1.0777225564300483
20	1.0780583481292847
20	1.0784373528313025
20	1.0788858780418225
20	1.079371032401144
20	1.0796317874937171
20	1.079945499929176
20	1.080049115292465
20	1.080395367257787
20	1.0804122205705016
20	1.080685188680416
20	1.0808661464995921
20	1.0816613546251255
20	1.0816993869557356
20	1.0817319434644745
20	1.081979054529407
20	1.082167147546083
20	1.0822992371910929
20	1.0828284261302934
20	1.0829352250167246
20	1.0830664656152487
20	1.083430400870011
20	1.0836106391919438
20	1.083701270607789
20	1.0838271482668245
20	1.083915020736228
20	1.0843330984095152
20	1.0843961801570108
20	1.08480030531778
20	1.0848488335444024
20	1.0848997443565767
20	1.0850882012467447
20	1.0852385800613957
20	1.0854204787080655
20	1.0856457611040085
20	1.0858354834100885
20	1.0859348311756032
20	1.0862277153229065
20	1.0863610801229833
20	1.086434493872434
20	1.0866624125834858
20	1.0867802530451256
20	1.0868826015070663
20	1.0869371094722151
20	1.087106820167867
20	1.0871147806999355
20	1.0871935591566997
20	1.0873703178963674
20	1.0875889897282938
20	1.088000085166117
20	1.0883743611347094
20	1.0885375583842931
20	1.0885940931019356
20	1.0886709138762312
20	1.0886875725999705
20	1.0888118907360262
20	1.0888999398380772
20	1.0891140515250124
20	1.0895106489221709
20	1.0896178283550924
20	1.0899135606280697
20	1.089979900534045
20	1.0901010787615
20	1.0901887994565649
20	1.0904779859592446
20	1.0906754509741183
20	1.0914393683655839
20	1.0914779168423785
20	1.091514243344768
20	1.0916126118989278
20	1.0916407497174494
20	1.0918662883745054
20	1.0919472474324823
20	1.0919678078547723
20	1.0922761609674672
20	1.0925721633026286
20	1.0926803077491254
20	1.0928077024082277
20	1.092867643557543
20	1.0929866428333235
20	1.0930954360536203
20	1.093176424507241
20	1.0934408206280422
20	1.0937010128307383
20	1.0937045193227115
20	1.0937385782797926
20	1.0937619987914304
20	1.0944456433588514
20	1.094449925664975
20	1.0950156305881509
20	1.0950876736418431
20	1.095196364558394
20	1.0952086894599562
20	1.0952647885284095
20	1.0958909244841761
20	1.0961262898401145
20	1.0962602115823152
20	1.0965205914164908
20	1.0975390184273122
20	1.0975542133505434
20	1.0977908288764495
20	1.0977997132490454
20	1.0979218762118892
20	1.0980836746346134
20	1.0989048646393407
20	1.0989170648328126
20	1.1004669120650192
20	1.1009858523491893
20	1.1010574756117228
20	1.1011244674787186
20	1.1014172958074586
20	1.1014204844051785
20	1.1016945852181392
20	1.102013945616889
20	1.1024466398811092
20	1.1025053551162243
20	1.1025747636737784
20	1.1026340645697985
20	1.1029605669433504
20	1.1030324083337189
20	1.1033070011468025
20	1.103466995917349
20	1.103821978521362
20	1.1038639115484514
20	1.103889272827335
20	1.1040890130980054
20	1.1044378664089867
20	1.1045151566295353
20	1.1046295206314667
20	1.1049111836979453
20	1.1049688443426078
20	1.1052809950379696
20	1.105282968668522
20	1.10540683869388
20	1.1054946874333573
20	1.1055310586783333
20	1.1055896989431848
20	1.105716536790576
20	1.1058559261806675
20	1.1066526448617087
20	1.1069077436936972
20	1.1069527664827274
20	1.107098519296947
20	1.10723444683382
20	1.1074146329041656
20	1.107533585210807
20	1.107592258923366
20	1.107669030529237
20	1.107779995721524
20	1.1088392335978197
20	1.1089428114700721
20	1.1092889382282605
20	1.1094606184497646
20	1.1095534643993206
20	1.1095786549402995
20	1.1095910225361572
20	1.1096936632368355
20	1.1103327196522936
20	1.1105778003792177
20	1.1106250322268743
20	1.1108720543316264
20	1.111106803066781
20	1.1111782075093044
20	1.1112932957532424
20	1.111473296747893
20	1.111555404409683
20	1.111726194667823
20	1.1119542916864833
20	1.112406790532666
20	1.1125221021626173
20	1.1126460765888768
20	1.112796404137847
20	1.1128206312466293
20	1.112953719734107
20	1.1129782408013866
20	1.1130675540815684
20	1.1134438311514867
20	1.113685367216579
20	1.1139585092963953
20	1.1139599726161586
20	1.1144398664832305
20	1.1146298170832865
20	1.1146376078491318
20	1.11476678081474
20	1.1149255563669487
20	1.1150798907872317
20	1.1152041686632252
20	1.1154502504515285
20	1.115773848335862
20	1.1159615039680675
20	1.1159733772321698
20	1.1160225069278324
20	1.11603967773337
20	1.1160921167461568
20	1.1161376365864786
20	1.116582290853369
20	1.1167231943724267
20	1.1167353919405427
20	1.1168414373851372
20	1.1170042198961405
20	1.1171741686390506
20	1.1173145008935812
20	1.1173274899572456
20	1.1176251411538052
20	1.1176919021704204
20	1.117733875008766
20	1.1179170952816722
20	1.1180326261820401
20	1.1180737217427787
20	1.118086043228158
20	1.1182085904350976
20	1.1183590682723341
20	1.1187919228365786
20	1.1188037355207143
20	1.119385534005066
20	1.119497831857035
20	1.1205721821880228
20	1.120649122490034
20	1.120941054376714
20	1.120966367573299
20	1.1210260607255018
20	1.1212559853899058
20	1.1215514082949434
20	1.1217811990152982
20	1.1218757398245771
20	1.1219844950486306
20	1.122920297725278
20	1.1231524129572974
20	1.1234451696829661
20	1.123547202124146
20	1.123636601285077
20	1.1239285036400863
20	1.124236658519367
20	1.1244693245754132
20	1.1245701568834807
20	1.1249507596934505
20	1.1249883110206211
20	1.1256315596790087
20	1.1257539637396379
20	1.125879776919209
20	1.125967604389896
20	1.1264581157658415
20	1.1266969723816733
20	1.127374252515153
20	1.1274044627268642
20	1.1274762833233622
20	1.1275217996320357
20	1.1278870862747423
20	1.1279349020512601
20	1.1287033230273755
20	1.1293534222925967
20	1.1299437838190813
20	1.1300505886336443
20	1.1302094933768068
20	1.1302616581421092
20	1.1302706227178492
20	1.1303282661582117
20	1.1306209933951343
20	1.1306422968048795
20	1.1313911693814214
20	1.131415544447673
20	1.1317548918741198
20	1.1319180432697433
20	1.1321786318469325
20	1.1321809056061969
20	1.132462477590197
20	1.132498401290463
20	1.13301292603386
20	1.13304579285349
20	1.1332917919874286
20	1.133339311810817
20	1.1339026489188793
20	1.1339148440715594
20	1.1340943357034876
20	1.134166286226964
20	1.1344308632946125
20	1.1346396513596513
20	1.135038844301329
20	1.1351685062351293
20	1.135225198630686
20	1.1353287447257518
20	1.1356747653574581
20	1.1357314362149196
20	1.1357348061163817
20	1.1357920677726625
20	1.1359643933141017
20	1.1359827791939812
20	1.13620931400257
20	1.136492910790001
20	1.1368307947041028
20	1.1370104506094505
20	1.13702175480242
20	1.1371032669115868
20	1.1371368566848947
20	1.1372573973024775
20	1.137311648694165
20	1.137544751905544
20	1.1377229093756969
20	1.137764015106441
20	1.1377975871793746
20	1.138003231194518
20	1.138153514809875
20	1.1382038769563423
20	1.1383352983545965
20	1.1386240031380055
20	1.1386986342734118
20	1.1388332627689948
20	1.1388985297943492
20	1.1389158871438814
20	1.1391708904804614
20	1.1392073123395916
20	1.139215896422084
20	1.1395203345191054
20	1.13959475365002
20	1.139644577568983
20	1.1396568960190958
20	1.1397964979900848
20	1.1399298764768309
20	1.1399674214412001
20	1.140185905556754
20	1.1406051701608289
20	1.1409027422830036
20	1.1409449282397732
20	1.1410797617712718
20	1.1416472607872608
20	1.141705560836831
20	1.1421577050474783
20	1.1421780096951417
20	1.1424551958502962
20	1.1425300075453029
20	1.142798596913284
20	1.1433216811133529
20	1.1433511459890127
20	1.1433679575059328
20	1.1434427393557316
20	1.1438168226401622
20	1.1438368226860944
20	1.1442707293756367
20	1.1445446522665275
20	1.144691934763532
20	1.1448546870577476
20	1.1451866831462585
20	1.1452391340951866
20	1.1453239310301928
20	1.1461394260052855
20	1.1465726487130727
20	1.1466106516919807
20	1.1467977682016708
20	1.146890103522268
20	1.1469363098302083
20	1.1476072047580073
20	1.1482657279170951
20	1.148332987800321
20	1.1483664961074356
20	1.1485183144968576
20	1.1487897476926094
20	1.1487992122647375
20	1.1493271600260773
20	1.1494069894749406
20	1.1496997802499118
20	1.149820742891506
20	1.1500325461401575
20	1.1502732659171235
20	1.1503450682426517
20	1.1510926184935757
20	1.1513273056599067
20	1.151616785718764
20	1.1518113057770756
20	1.1524957449991782
20	1.1529072194416485
20	1.1531152830788562
20	1.153176336466964
20	1.153342058457177
20	1.1535122783900331
20	1.153809180024076
20	1.15400816470088
20	1.154523046567681
20	1.1545605855688548
20	1.154645780176267
20	1.1551057789142845
20	1.155365917080735
20	1.1554096095083275
20	1.155733260584143
20	1.1559952378215688
20	1.1562471635958111
20	1.1563234506401352
20	1.1563538709268972
20	1.1566750904616871
20	1.1567673462282722
20	1.1567698128150714
20	1.1574873501015048
20	1.15753249466101
20	1.157770416926643
20	1.1577747590849192
20	1.1578139884912542
20	1.1580102307880624
20	1.158148753672865
20	1.1583971420307517
20	1.1584413916018608
20	1.1586015128207034
20	1.1586188583841965
20	1.1587581642469753
20	1.1587593879662919
20	1.1589215822423171
20	1.1589341968877123
20	1.159363708067354
20	1.1596179565018145
20	1.159660143344144
20	1.1597636619171503
20	1.1601095906320122
20	1.1601219063569288
20	1.1603991417155575
20	1.1605140842978787
20	1.1609585439272716
20	1.1611113785035898
20	1.1611604551216568
20	1.1614449218480187
20	1.1616918032200634
20	1.1617514694948559
20	1.1618437667138757
20	1.1618961790011801
20	1.162073158482609
20	1.1621700501516217
20	1.1621706366834001
20	1.162238810700385
20	1.1623607070743567
20	1.1623861034693914
20	1.1624534979298407
20	1.1625103158977355
20	1.1626451181509476
20	1.1626988162632015
20	1.1628078178862227
20	1.1632967956013442
20	1.1633126533918903
20	1.1638153429704432
20	1.1641003412337552
20	1.1643608387285467
20	1.1646064207959947
20	1.1646445853306708
20	1.1650075493494103
20	1.1650757889810328
20	1.1654015418816248
20	1.1655929044878595
20	1.1656635611821127
20	1.1656845191103264
20	1.1664191721616803
20	1.1665908233828495
20	1.1666030142295865
20	1.1674703584946822
20	1.1675268586996788
20	1.1677898824454116
20	1.1680448069154141
20	1.1680897989431567
20	1.168670221159689
20	1.1687288548506791
20	1.1687585667862992
20	1.1687961001834581
20	1.1689529102303768
20	1.169245520548087
20	1.169619013732827
20	1.169697532146024
20	1.1699949357800565
20	1.1705871581933633
20	1.1706719323701265
20	1.1708906237977152
20	1.1718365151411194
20	1.1719083012054128
20	1.1723651592865503
20	1.1726893112659118
20	1.1727980063169072
20	1.1731726492021985
20	1.1737330215161883
20	1.1738979841772692
20	1.1741111890225402
20	1.1741491809884685
20	1.174332727947783
20	1.1744285518687845
20	1.1746402018731257
20	1.1746740925981474
20	1.174705643481394
20	1.175048927510957
20	1.175747621302844
20	1.1757580580081726
20	1.1757616570163567
20	1.175834043204865
20	1.1760675915784924
20	1.1761252067110028
20	1.1761947873368979
20	1.1764390832160236
20	1.1764567089916653
20	1.1769077358612552
20	1.176928020367495
20	1.1775078925665292
20	1.1778418394000847
20	1.1783316028230453
20	1.1785222517214822
20	1.1788581053324927
20	1.1792155792559684
20	1.1794309520466755
20	1.179467261769353
20	1.179488423184992
20	1.1795968625853865
20	1.17974887972886
20	1.179824467873186
20	1.1801628957737675
20	1.1806361326354846
20	1.1807529371382275
20	1.1808596840831227
20	1.1815922744135898
20	1.1816208379816573
20	1.181776963311931
20	1.1819477806658276
20	1.182059306167675
20	1.1821995398261052
20	1.1822117287410994
20	1.1825210745473762
20	1.182624568894533
20	1.18263080837145
20	1.1826614400391797
20	1.1826786550305441
20	1.1826989681566729
20	1.182726129460344
20	1.1828325951843535
20	1.1829704167000998
20	1.183105190839211
20	1.1831586912893317
20	1.1832599001153747
20	1.1835573392154997
20	1.1836337751438486
20	1.1837964401064685
20	1.1839466513873842
20	1.1840708365457169
20	1.1841283474735098
20	1.1842659975929346
20	1.1842786089691983
20	1.1843054362638894
20	1.184552260132488
20	1.185467130896438
20	1.1855888455889403
20	1.1855946595716036
20	1.1858610418057447
20	1.1865980757064334
20	1.1867886853534662
20	1.1868784616424
20	1.1872233924346043
20	1.1882411482315431
20	1.1883210498396806
20	1.1885278892063327
20	1.1886948458755595
20	1.1893409959261037
20	1.189450146654567
20	1.1895030965029576
20	1.189825909553667
20	1.189940229578504
20	1.1899875282734973
20	1.190020084780588
20	1.1901894084532485
20	1.1902327783627376
20	1.190470520423739
20	1.1909764655619457
20	1.1913489950043397
20	1.1922946934247356
20	1.192366464866446
20	1.1923997623347482
20	1.192477643292251
20	1.1927887368407681
20	1.1928125822807158
20	1.1930131490122935
20	1.1932117957033037
20	1.1938287568046606
20	1.1941237084437188
20	1.194159085568235
20	1.1944139429342782
20	1.1944589231232274
20	1.194587295181942
20	1.194719341330673
20	1.1950030016286561
20	1.1950391927334556
20	1.1952231643247933
20	1.1953365214010125
20	1.1955403236196203
20	1.1955472428717928
20	1.1956559133128004
20	1.1962319839826898
20	1.196253888095432
20	1.1962908565527612
20	1.196291411227401
20	1.1966081720446733
20	1.1969101192696407
20	1.1970534275955398
20	1.1971110308243034
20	1.197372980961987
20	1.1973851680707814
20	1.197424842510254
20	1.1975979835912327
20	1.1987884687417132
20	1.1990572322445707
20	1.1990651829316443
20	1.199451742818492
20	1.199489725310713
20	1.1997690265547019
20	1.20047874086288
20	1.2004984951921367
20	1.2006193955318507
20	1.2007725095018333
20	1.2011946228095494
20	1.202128782026481
20	1.2021701869427508
20	1.2021927644875687
20	1.2022363167197756
20	1.202551735403022
20	1.2026437506486765
20	1.2027616280682403
20	1.2029699015962163
20	1.2030191508549535
20	1.2032920457322038
20	1.2033165330559001
20	1.2035690590716759
20	1.20359789800709
20	1.2036090611933215
20	1.2039122462055483
20	1.2039325100393854
20	1.2040773120961972
20	1.2040895855111102
20	1.2041807848476749
20	1.204402399904758
20	1.204526560527387
20	1.20454164215141
20	1.204605789102179
20	1.2047806945733535
20	1.2048159836194734
20	1.2049308754192125
20	1.2050553434634377
20	1.2051125347062683
20	1.2053716698530752
20	1.205581816747649
20	1.205861302260388
20	1.2061080748640325
20	1.206572737632245
20	1.2071491869342252
20	1.207397897576897
20	1.2076784960988942
20	1.2077282126188935
20	1.208142547575669
20	1.2082352964528416
20	1.2090440103308535
20	1.2093043925447389
20	1.209555766106893
20	1.209643480149077
20	1.2097282101857516
20	1.2101899881727582
20	1.2105999909290495
20	1.2106435592662035
20	1.210809169660602
20	1.2110049506084148
20	1.2113823046783472
20	1.2123572999983803
20	1.2128741761089863
20	1.2132427572653983
20	1.2133063769112737
20	1.2133822918993813
20	1.2136657343953714
20	1.2138300223372505
20	1.2140318286005591
20	1.2140886255809091
20	1.2142182839732634
20	1.2142825764571552
20	1.2144492294691442
20	1.214891771676377
20	1.2153242006905172
20	1.2153976000207243
20	1.2155693920199926
20	1.215673716650759
20	1.2159998280595024
20	1.2161113029213426
20	1.2161894680817111
20	1.2163653148851425
20	1.2164500514945187
20	1.216685341677601
20	1.2167767926151452
20	1.2169769145327132
20	1.2171008056621755
20	1.2172094541514193
20	1.2173525797680955
20	1.2185087911760468
20	1.2185794886949965
20	1.2188342877467075
20	1.218879257647487
20	1.2189418002592083
20	1.219459394637261
20	1.2194594139551422
20	1.2195179995379608
20	1.219819073287938
20	1.2199257660272467
20	1.2201682426935625
20	1.2202254924749256
20	1.2203384794650558
20	1.2204504472132256
20	1.2212250018655832
20	1.2213174324529636
20	1.2216260300363222
20	1.2219173349179342
20	1.2219432706872178
20	1.2222146652516042
20	1.2225849009441598
20	1.2226449881662516
20	1.2232719280788602
20	1.223350343828484
20	1.2233738372790373
20	1.2234712186295524
20	1.2234765210296663
20	1.2235322764091996
20	1.223616809834194
20	1.2237789016392526
20	1.223815860644767
20	1.2242969262643173
20	1.2243980063612754
20	1.2245291807033827
20	1.2245712179506991
20	1.2245782369115032
20	1.2246326340070222
20	1.2248977087665187
20	1.224912784411942
20	1.2249783447336553
20	1.2251610113733356
20	1.225267713500818
20	1.225812931309291
20	1.2260948738815942
20	1.2263128362563602
20	1.2265473788682006
20	1.2265595626899417
20	1.2266070077183222
20	1.2267633766476118
20	1.2271333771726993
20	1.2273656201003618
20	1.2273883098658007
20	1.2275700976178305
20	1.2286255814755251
20	1.2288413694105558
20	1.228931362846108
20	1.2290101940330782
20	1.2291220145375095
20	1.2292147457208749
20	1.2296523042813958
20	1.2299292508801907
20	1.2299996419262584
20	1.2300381941810774
20	1.2300508001553085
20	1.2301737873621374
20	1.2302723553931207
20	1.2305371500470905
20	1.2307047245354241
20	1.231003713257907
20	1.231092219004258
20	1.231194244037136
20	1.231455528009017
20	1.2325598047069066
20	1.232717535572597
20	1.2327305408899425
20	1.2329327299797503
20	1.2334610683371037
20	1.2339075360763163
20	1.2342848648551437
20	1.234424312056242
20	1.2344818486799691
20	1.2346440611271448
20	1.2348414890362125
20	1.2349201005131762
20	1.235060265025799
20	1.2353948794828586
20	1.2354275024033035
20	1.2355219376566016
20	1.235757291279501
20	1.2363756949885512
20	1.236651759881271
20	1.2369376504522684
20	1.2370774336362425
20	1.237167633090035
20	1.2372263108292902
20	1.23734322868025
20	1.237427949445821
20	1.2375502648578682
20	1.2376588935673891
20	1.2382463578377336
20	1.2385262601498146
20	1.2385811562900226
20	1.2389599154885258
20	1.2393075485638667
20	1.2400578437197969
20	1.240268039184225
20	1.240355126471497
20	1.2404153642479185
20	1.2406049631403342
20	1.2406171454600732
20	1.2408068354198136
20	1.2411040401088258
20	1.241659875500056
20	1.2417273092724448
20	1.2417661278237793
20	1.2417742178797029
20	1.2419991298510538
20	1.2423073291717186
20	1.242682910189987
20	1.243071072344449
20	1.243191492983559
20	1.243335996177474
20	1.2434343942502482
20	1.243465739252256
20	1.2445933795099864
20	1.2448984772410803
20	1.2450193292327933
20	1.2452175548300954
20	1.245235830226702
20	1.2452555216498706
20	1.2455347076924672
20	1.2456090172732908
20	1.2456681432290986
20	1.2463167332099563
20	1.24705475588817
20	1.2474905308768538
20	1.2475810317474367
20	1.2476424910356159
20	1.2476859005546315
20	1.2477445536455103
20	1.24788773139999
20	1.2482273922597438
20	1.2483108685712365
20	1.2483415041160177
20	1.2490041366138516
20	1.2491078032233722
20	1.249144754075506
20	1.2493938960337065
20	1.2496274869082602
20	1.2499069623197658
20	1.2501033948260525
20	1.2502263638573552
20	1.2507223578694022
20	1.2507533070423371
20	1.2510135931578912
20	1.2510261968516938
20	1.2511350566228427
20	1.251297109670557
20	1.2514506832774104
20	1.2515124588153304
20	1.2515465304500455
20	1.2516411805216798
20	1.2518562243726332
20	1.2531604622557826
20	1.253185856500748
20	1.2533793611859616
20	1.2535347488979156
20	1.2540649272719724
20	1.2541245419631002
20	1.2541691609308185
20	1.2543418157637736
20	1.2543539966641237
20	1.25438710101916
20	1.2546848483426054
20	1.2548706823557203
20	1.254979919240616
20	1.2554051384549436
20	1.2557192266324584
20	1.2560825097565287
20	1.2563062261615476
20	1.256361264660519
20	1.2564048155018266
20	1.2564195213051326
20	1.2565277749377723
20	1.2567316627374383
20	1.257445999454604
20	1.257690478354327
20	1.2579051116278694
20	1.258483261117526
20	1.2589719177360505
20	1.2592860967295487
20	1.259555025577922
20	1.2595900039678927
20	1.2596126874711389
20	1.2597917298378016
20	1.259814316666875
20	1.2602465768793967
20	1.260412205950163
20	1.260503236983871
20	1.2605051576737472
20	1.2610835880147973
20	1.261328682024603
20	1.2615786928939199
20	1.2616028865952649
20	1.2617803112984136
20	1.2619515332549591
20	1.2620774636119698
20	1.2621515743619451
20	1.2622193160780484
20	1.262444189473842
20	1.2628728480951987
20	1.2629723958396903
20	1.263037377707182
20	1.2632270973873925
20	1.2632591773239643
20	1.2632720500857428
20	1.2634487398661018
20	1.2638519653214848
20	1.2639105478380206
20	1.2643090275350655
20	1.2645034502760515
20	1.265217148322164
20	1.2653430414337716
20	1.2654638728489633
20	1.2657143370410033
20	1.2658112938314838
20	1.2660958879529793
20	1.2661902572228578
20	1.266228217419815
20	1.2665073547804169
20	1.2670638279612414
20	1.2673829342469978
20	1.2677000508879739
20	1.267867564651343
20	1.2680787241973688
20	1.26808658948181
20	1.2681192290096057
20	1.2687548540319915
20	1.2690341154911513
20	1.2691300594406387
20	1.2691594225317393
20	1.2692882156589624
20	1.2694221926331908
20	1.2696452428354437
20	1.2705283314036053
20	1.2705847736488989
20	1.2709372650309103
20	1.271568206426436
20	1.2719899714676912
20	1.2726362021094422
20	1.2729399464904299
20	1.2730683173345652
20	1.2733246938872063
20	1.2733991580488249
20	1.2735247260502587
20	1.274036016124343
20	1.274131792039913
20	1.2743797713479768
20	1.274388236990891
20	1.2744682265690972
20	1.2746608489199158
20	1.2746854351737484
20	1.2751616112743893
20	1.2754003395285571
20	1.2754266685104279
20	1.2760191745760847
20	1.2763760849965518
20	1.2764581168578606
20	1.2766201364243523
20	1.2769061648822027
20	1.2769474491567818
20	1.2770533410464588
20	1.2770718183291798
20	1.277118122149864
20	1.2771830019869221
20	1.2773320485750546
20	1.2775259709497342
20	1.2776155042708186
20	1.2778483795167392
20	1.278014032169264
20	1.2789255488952607
20	1.279387384152063
20	1.2794469866098903
20	1.2797094918076943
20	1.2797282522498334
20	1.2802338021894013
20	1.280593306221686
20	1.2806718879159904
20	1.2807619332748406
20	1.2808119993398424
20	1.2809349345651702
20	1.2809471128459353
20	1.2812734972323199
20	1.2816569238753979
20	1.2818529785058697
20	1.2820446618508405
20	1.2820535740658672
20	1.2822986269072403
20	1.2827677652276481
20	1.2830121943678139
20	1.2832300837457022
20	1.2834139472840096
20	1.2836686072865977
20	1.283692715083838
20	1.2837135526551606
20	1.2840384531063829
20	1.2842208317672321
20	1.2842933734018145
20	1.284800127731183
20	1.2849896577511564
20	1.2849913249184917
20	1.28540332921857
20	1.2860441874742907
20	1.286186443219478
20	1.287065036781949
20	1.287699091570467
20	1.288056342497854
20	1.2881935160236642
20	1.2883083219585902
20	1.2883518696786922
20	1.2883580125694234
20	1.2884317837686043
20	1.2884544620594935
20	1.2885534413564095
20	1.2886689338391146
20	1.2896188522118646
20	1.2897287441946568
20	1.2899128358003582
20	1.29009870621833
20	1.2906993674087737
20	1.2907062810038494
20	1.2910034413265525
20	1.2913775289659544
20	1.2914159104473035
20	1.2920680449650448
20	1.292483640358656
20	1.2925364523459717
20	1.293237626515867
20	1.2933798904483387
20	1.29343884879582
20	1.2938268517784022
20	1.293839028846783
20	1.2939550779807028
20	1.2942926524303267
20	1.2946076036459182
20	1.2948279504778037
20	1.2948543052793164
20	1.2948912425958408
20	1.2953475578357578
20	1.2954740661746151
20	1.2956531718946906
20	1.2959039052784436
20	1.2959273022752311
20	1.2959724566893156
20	1.2973867572821358
20	1.2974255656550144
20	1.2975660492438428
20	1.297914818683932
20	1.2979286053120855
20	1.2979990277995974
20	1.2982875455136744
20	1.2984397987117993
20	1.298444810404257
20	1.2987216015072742
20	1.2990645135203132
20	1.2998859011450545
20	1.299913819832542
20	1.3003998843403852
20	1.3007185257618097
20	1.3007242849215872
20	1.3014750292681059
20	1.30150596598219
20	1.3015600879587303
20	1.3017787459765424
20	1.3019380848602338
20	1.3021633677048443
20	1.3022240576546293
20	1.3022401698566994
20	1.3023633553626344
20	1.302483169752137
20	1.3026235350681656
20	1.3029069357475547
20	1.302933259159219
20	1.3034157861027982
20	1.3036484239865582
20	1.3037713377756448
20	1.3039906312930627
20	1.304130966267381
20	1.3041921904782245
20	1.3046892218294064
20	1.3052382069611634
20	1.3054277075958989
20	1.3059559554728228
20	1.3059890512769698
20	1.3060365810378571
20	1.3064698981424783
20	1.3064820740564544
20	1.3065286390174202
20	1.3066656884059338
20	1.3068257639718057
20	1.3070566642668076
20	1.3071699143983853
20	1.3078279359329075
20	1.3081451543815992
20	1.3084403673123084
20	1.3085467552012537
20	1.3087788592896317
20	1.3090219363855857
20	1.3093549697267606
20	1.3093973184380154
20	1.3095728156779545
20	1.3095931583312777
20	1.3100561883069775
20	1.3100901767098474
20	1.3102252443099949
20	1.3106415167328347
20	1.3111365379974893
20	1.3119685717408494
20	1.3122426688742541
20	1.3123270487941736
20	1.3123809762450633
20	1.3124942475147134
20	1.3125050064976678
20	1.3128038884542252
20	1.3130149106304931
20	1.3140197426435776
20	1.3142024076582524
20	1.314239352257737
20	1.3146595911651069
20	1.3147734854148996
20	1.3147961592408999
20	1.314919747342594
20	1.3150441790139866
20	1.3152282358571814
20	1.3156974452443377
20	1.3158188347989805
20	1.3158557663774013
20	1.3162731031378954
20	1.3163636778561854
20	1.3166175774209958
20	1.31666104042294
20	1.3169368127223193
20	1.3170096905784412
20	1.3177574022134615
20	1.3178336343446457
20	1.318002177576025
20	1.31835089451442
20	1.3184090336668186
20	1.3186424794350402
20	1.3188808065329998
20	1.3191575560496933
20	1.3195004165785629
20	1.3195342512448798
20	1.319804625654543
20	1.320205708108957
20	1.320762102995161
20	1.320877567869827
20	1.321163819436098
20	1.3212732107348344
20	1.321329631282186
20	1.3216879086132391
20	1.321897820996299
20	1.3221949128002293
20	1.3222441483101706
20	1.3223568766826195
20	1.3223857196910003
20	1.3226179623146146
20	1.3231267711706303
20	1.3237586153238612
20	1.3243079347337259
20	1.324338866302723
20	1.3250947235526014
20	1.3251231765382945
20	1.3251827586465852
20	1.32530565322525
20	1.3254451742527136
20	1.3259047188080624
20	1.326223393990892
20	1.3263908323505367
20	1.3267619562390398
20	1.3269518727869039
20	1.3269634313408398
20	1.3272827459437608
20	1.327788458875635
20	1.3278142008685092
20	1.3280615712219113
20	1.32806252493114
20	1.3282199187211423
20	1.3282462373086215
20	1.3285024078659702
20	1.3285904682305394
20	1.3287467542148639
20	1.3291076501314265
20	1.3293019775834116
20	1.329772578219732
20	1.3298094628898371
20	1.3300018788213215
20	1.3300275000542046
20	1.3305244456468335
20	1.3305554361983922
20	1.3310635312629329
20	1.3310757050245345
20	1.3312721234559344
20	1.332294275107835
20	1.3326766235328547
20	1.332822716137841
20	1.3331400220467842
20	1.3337523425081086
20	1.333926331736419
20	1.3339701505058728
20	1.3340907732467528
20	1.3341659022020371
20	1.3343940050292642
20	1.334453438987798
20	1.33446472811882
20	1.3348845861794083
20	1.3351581714588239
20	1.335645077300535
20	1.3367970350686653
20	1.336850591155805
20	1.3370701652782044
20	1.3371476517950562
20	1.3374429546374094
20	1.3378054923695561
20	1.3381933707492726
20	1.3387946857507886
20	1.3388420964080814
20	1.339056045058487
20	1.339169919699431
20	1.3391925896223442
20	1.339967152565067
20	1.3403382886021353
20	1.3405138829499843
20	1.3405761195423882
20	1.3410081177237767
20	1.3411664106736205
20	1.3415849149268209
20	1.3416341633645763
20	1.3421243816257638
20	1.3422938137420126
20	1.3428048446641765
20	1.3428182137699283
20	1.3430382505837786
20	1.343050423339795
20	1.3431553242591772
20	1.3433172644965097
20	1.3434293611687418
20	1.3441028962273787
20	1.3441909142562547
20	1.345114570239105
20	1.3451348215854602
20	1.345614855781642
20	1.3457377329766271
20	1.345839114365685
20	1.3458588824951783
20	1.3458700413201263
20	1.3460831618239337
20	1.3461427352897644
20	1.3464051128458963
20	1.346447209332099
20	1.346639307302418
20	1.346655344077142
20	1.3476663723145512
20	1.3479522523820178
20	1.3484942159714761
20	1.3486478511636006
20	1.3486612241854707
20	1.3487336715336662
20	1.3487480586835514
20	1.3490220851053463
20	1.3494619048054668
20	1.3495907741693074
20	1.3497062159856965
20	1.3500355238172173
20	1.3505522140128112
20	1.3507687719284496
20	1.3508324162953256
20	1.3508355187584615
20	1.3509867778013316
20	1.351133663532985
20	1.351418999499725
20	1.3515322143542234
20	1.3517160307617833
20	1.3522084228200906
20	1.3525913823126456
20	1.352802272141051
20	1.3528965148490544
20	1.353096430987936
20	1.3532537416135857
20	1.3535283926786585
20	1.3538916766790043
20	1.3542729149817385
20	1.3545865959216263
20	1.3548126405615144
20	1.3548248123545752
20	1.3548850525044485
20	1.3548955256431914
20	1.3550494706291065
20	1.3550808714652167
20	1.3566877517932052
20	1.3567978451332015
20	1.3568887963395908
20	1.3572810589438942
20	1.3579145115570086
20	1.3580163484433079
20	1.3581059160030904
20	1.3582358286751075
20	1.358379925497554
20	1.3585590697339958
20	1.3585994677726114
20	1.3586236537264746
20	1.3587396496833355
20	1.3592776353411065
20	1.3601278989536743
20	1.3607682775069232
20	1.3609522763943167
20	1.3612961038050033
20	1.3614213381446847
20	1.3619968151187343
20	1.3620087086148318
20	1.3625425555574637
20	1.3625917971085613
20	1.3627235357550869
20	1.363234497121387
20	1.3638589287302996
20	1.364968237917443
20	1.3653883305919992
20	1.3656311868351663
20	1.3656875903569963
20	1.3658202574268328
20	1.3658645573812187
20	1.3659281903367955
20	1.3662683554450965
20	1.3662992782207155
20	1.3666629650364306
20	1.3674041736457174
20	1.3679659973311755
20	1.3686231681841674
20	1.3689090088188294
20	1.3689230993314356
20	1.3694650706483684
20	1.3694799957565447
20	1.3696178829374346
20	1.3702613043853533
20	1.3705315857993425
20	1.3708156918894172
20	1.3709919936463428
20	1.3711182860118827
20	1.371260986358454
20	1.3714457986611595
20	1.3719606909636903
20	1.3721702173096413
20	1.3726722703485323
20	1.3729462539868016
20	1.3732305795086566
20	1.3737816288491023
20	1.3738525932077101
20	1.3739399279097457
20	1.3739662384480003
20	1.3746826786543296
20	1.375033354143193
20	1.3752288058809383
20	1.3754185847316178
20	1.3757213440760694
20	1.3759212305811341
20	1.3760366525875487
20	1.3761401741215202
20	1.3771155443175005
20	1.3774865424982619
20	1.3777985092581966
20	1.3778106792418199
20	1.3778957490913515
20	1.3781066043336732
20	1.3783243484096201
20	1.3784439659251424
20	1.378807495166704
20	1.3788585345930717
20	1.3790270085889544
20	1.3790612878333681
20	1.3794706699283323
20	1.3796949361111868
20	1.3798089984546378
20	1.3798743570944707
20	1.3806025719400634
20	1.3813830645920497
20	1.381723291348714
20	1.3819072655718747
20	1.3821015250561226
20	1.3823038653596194
20	1.3832180102023859
20	1.3834087590518023
20	1.3835226006572472
20	1.3835452640045096
20	1.3838624639439399
20	1.3849283932362109
20	1.3855272847733566
20	1.3860578107965085
20	1.3862301826262668
20	1.3867242703603708
20	1.3868825162502032
20	1.3870894556428097
20	1.3871564754430745
20	1.3873898142141938
20	1.3877913007538605
20	1.3897765246836546
20	1.389906123785984
20	1.390209637366343
20	1.3904338526014905
20	1.3906873322452342
20	1.3908295073048131
20	1.3909898392825575
20	1.3915442041951975
20	1.3917693732687109
20	1.392353795796749
20	1.392596001144656
20	1.3930836072337827
20	1.3933719389054728
20	1.393380559491692
20	1.3943617510279793
20	1.3947349224130594
20	1.394893200844916
20	1.394919507955189
20	1.3954829192806237
20	1.395833066532021
20	1.3958439556225433
20	1.396557375223684
20	1.3966743853511154
20	1.3967647350997816
20	1.3972452734152956
20	1.3974451332916533
20	1.3974869271205417
20	1.3978549792383503
20	1.3983041339453188
20	1.3985316356969932
20	1.3987493523554249
20	1.3989442169721291
20	1.3991608608761454
20	1.3992324383223922
20	1.3992408729295185
20	1.3994264335260098
20	1.3998111700575584
20	1.4003078218855576
20	1.4004232265294843
20	1.400619744813387
20	1.4007615115124152
20	1.4010089444592548
20	1.401035447542211
20	1.4012476850837685
20	1.4014407754001355
20	1.4015549829880445
20	1.4018502152066048
20	1.4022916710418427
20	1.4026003078628957
20	1.4029062441017823
20	1.4036246100654017
20	1.4038331264262613
20	1.4039469538581264
20	1.4039696143841551
20	1.4044746378449304
20	1.4049884624973075
20	1.405184124829874
20	1.4052857669748235
20	1.4058511937441853
20	1.4061997839073412
20	1.4063656973642085
20	1.4066626258963943
20	1.407580378030237
20	1.4076035123146178
20	1.4076759003116963
20	1.4078136879861907
20	1.4078341261458012
20	1.4089935796712978
20	1.4093136424978336
20	1.4097336200239017
20	1.4106331640511622
20	1.4108573517777196
20	1.4114132703025168
20	1.4115292282174523
20	1.4117806191574902
20	1.4125960993127584
20	1.413011728144807
20	1.413304716431323
20	1.4135067823112735
20	1.4143313516713247
20	1.4146052657082253
20	1.4148754738647893
20	1.4151730185809104
20	1.4153124207163896
20	1.4159058024669526
20	1.416512599188484
20	1.416980128178328
20	1.4171531940860542
20	1.4171632768594735
20	1.417667943147913
20	1.4177151058797686
20	1.417867778867998
20	1.418195584603942
20	1.4186518173859428
20	1.4190254469238914
20	1.4192543140396983
20	1.4193760282704473
20	1.4195832995006992
20	1.4196729342032877
20	1.4201909372946055
20	1.4203054548654204
20	1.4214576609132124
20	1.4218058791703538
20	1.4218285600150988
20	1.4218462694228378
20	1.4221404435218976
20	1.4232413600864293
20	1.4233282335652788
20	1.4235499590728007
20	1.4236013615259013
20	1.423809576179494
20	1.423812158894726
20	1.4238269996787578
20	1.4240465137862242
20	1.424241349469915
20	1.4246681580793847
20	1.42539186107475
20	1.4255794274832658
20	1.4259378217857055
20	1.4261334602663174
20	1.4266446034618612
20	1.4275737655187941
20	1.427611781416522
20	1.4278059880355887
20	1.4280018119247762
20	1.4281032531199256
20	1.4282027909092112
20	1.428305953107105
20	1.428922169768591
20	1.4295664487028499
20	1.429734871765691
20	1.4305132297540775
20	1.4305819643778657
20	1.4314479310981167
20	1.4321305973728777
20	1.432427481744164
20	1.432477795476445
20	1.433333867857298
20	1.433366183365347
20	1.433432523311667
20	1.434115303932436
20	1.4349518309074316
20	1.4350258748555125
20	1.435279582941236
20	1.4366919066197565
20	1.4368049491568673
20	1.4381111705694927
20	1.4386157769128456
20	1.4392865985419871
20	1.4394455433306943
20	1.4397960842127473
20	1.4401702807512848
20	1.4406205304369444
20	1.4408944036163647
20	1.4415338473483843
20	1.4418071714755885
20	1.4418237174455282
20	1.4422256554705497
20	1.4422483337117293
20	1.4425601814295042
20	1.4427936093042284
20	1.4442317053676652
20	1.4444262983360738
20	1.4445484952359882
20	1.444643892598141
20	1.4446441782722963
20	1.4447592678931287
20	1.4449407563667922
20	1.4453448369767885
20	1.4459320704453924
20	1.4459612905241865
20	1.4461858942558474
20	1.446526329732248
20	1.4470638271002045
20	1.4471400829452603
20	1.4478648541131092
20	1.4481893183354688
20	1.4482067394664218
20	1.4483047573156003
20	1.4486218377598337
20	1.4487526308846912
20	1.4492525378740848
20	1.4493233485509736
20	1.449620578173772
20	1.4498686830312537
20	1.4503883674564992
20	1.450512887302789
20	1.4509320155208039
20	1.451937741552217
20	1.4523807992549331
20	1.4528667735942091
20	1.4529648586625445
20	1.4533012206601452
20	1.4533735899952978
20	1.453396187217869
20	1.4536474441462066
20	1.4537846484664345
20	1.4545336851480186
20	1.4554441542817178
20	1.4557851488845137
20	1.456929084506692
20	1.4571100003022956
20	1.4571888448114905
20	1.4572259285611149
20	1.4576375261017462
20	1.4577505557410266
20	1.4586260755083378
20	1.4593300759114216
20	1.460231922734712
20	1.460587988690231
20	1.4608446175042096
20	1.4613120315994932
20	1.4615657034358565
20	1.4616533250906394
20	1.4622412429909215
20	1.4624789170674664
20	1.4631217573967725
20	1.4643467097976062
20	1.4648435380417892
20	1.4650611084749081
20	1.4651764711393664
20	1.4655888977223182
20	1.4657619761649463
20	1.465885442534668
20	1.4660775915319568
20	1.4661592784962443
20	1.4666029415717008
20	1.4667641516269656
20	1.4678651257100743
20	1.468084522935491
20	1.4681398139248778
20	1.4688092132206427
20	1.469295013248453
20	1.4695157498076856
20	1.4697217162583265
20	1.46974005454569
20	1.4699348416948312
20	1.4700372519468858
20	1.470267545258114
20	1.4703088734280536
20	1.4710013689521155
20	1.4710561785035587
20	1.4719030952136458
20	1.4723541648015
20	1.4728417659222894
20	1.4733246570921188
20	1.4733811712429552
20	1.473895300544263
20	1.4740636833084986
20	1.4741801035238589
20	1.4742449768977295
20	1.474517096041565
20	1.474768071553674
20	1.4749105734486663
20	1.4756782602505798
20	1.4761126552086117
20	1.4762738877344208
20	1.477054130195164
20	1.4775880389812837
20	1.4781692537120885
20	1.4784430722621327
20	1.4792794010821868
20	1.48107432586056
20	1.4811325629011147
20	1.481206344185854
20	1.4817274533511633
20	1.4821407921020882
20	1.4851205950958781
20	1.4854433792810753
20	1.4858598701922738
20	1.4861331305150087
20	1.4864925114375933
20	1.486574189841917
20	1.4868278286327419
20	1.4874963670394
20	1.4877064433557212
20	1.4882631938022408
20	1.48855451816352
20	1.48941280281817
20	1.4901362556709155
20	1.490237034110675
20	1.490257070885352
20	1.4905108359718797
20	1.4906820279203963
20	1.4908767942984833
20	1.4918075267580262
20	1.4920518964132834
20	1.4922644115322892
20	1.4923174082007051
20	1.4925137976094067
20	1.4925312147273795
20	1.492828004367377
20	1.4935512886572417
20	1.4938107192317016
20	1.4943094076113537
20	1.4948368325930956
20	1.495182088668987
20	1.4953245758921019
20	1.4970539532627254
20	1.4970953710587336
20	1.497190180498338
20	1.4972151688145803
20	1.4973260411483826
20	1.4976245284774452
20	1.4985533421069808
20	1.498856712344719
20	1.4990826314511465
20	1.5010603983752542
20	1.5016197026027631
20	1.502015104081258
20	1.5023397216785028
20	1.5028744026078458
20	1.5036520176569033
20	1.503940753331889
20	1.5040145262562383
20	1.5041537785123997
20	1.504311299161822
20	1.5058563088295331
20	1.5062727577800292
20	1.5064304194610914
20	1.5065459905912693
20	1.5068001519111602
20	1.5069870055446009
20	1.5084364800593537
20	1.509203227963151
20	1.510303840888879
20	1.5106695175875051
20	1.5109232573481837
20	1.5111768658398872
20	1.5117535869569034
20	1.5127347173101893
20	1.512926019538369
20	1.5129434349254998
20	1.512991542716966
20	1.5135482243385274
20	1.5137675715800791
20	1.5139634075891772
20	1.5140413420378345
20	1.5146145203091264
20	1.514616342866904
20	1.5146283697874934
20	1.5152488241971591
20	1.515320712868712
20	1.5156174696673694
20	1.516767310395641
20	1.5168928696342336
20	1.5176019398543004
20	1.518036245086847
20	1.5185636095893738
20	1.518835669275375
20	1.5194923296228602
20	1.5200215657078948
20	1.5201986889224122
20	1.5205920778879716
20	1.5213595923376955
20	1.5222847678606646
20	1.5238129569506669
20	1.524063144851695
20	1.5240793159557373
20	1.5254497005559053
20	1.5264577126253733
20	1.5267544539058941
20	1.5294368764298838
20	1.5301286748400575
20	1.5307998287314997
20	1.5313336827857953
20	1.5318121414563322
20	1.5321639328959715
20	1.5344514696096505
20	1.5344732449607552
20	1.5344857243730519
20	1.5347050501799648
20	1.5350264157087645
20	1.5350384414852623
20	1.5357307187510671
20	1.5361223873781034
20	1.5365547678616227
20	1.5368285092693914
20	1.5370444279679738
20	1.537729614498108
20	1.5378300438296812
20	1.5389733083824995
20	1.5392453423941332
20	1.539898201046997
20	1.5410015855823749
20	1.5411355431528861
20	1.5412610882468656
20	1.5415288941805567
20	1.5422963346961702
20	1.5428667884066722
20	1.54473522629175
20	1.5450157972155372
20	1.5458587536884092
20	1.5459325121992897
20	1.5466523823247473
20	1.5476906796948984
20	1.5479644073695435
20	1.5482530835264006
20	1.5485497953984946
20	1.549845559657361
20	1.55173567071249
20	1.552220605681047
20	1.552747887864406
20	1.5530871677663307
20	1.554859691665879
20	1.555408741026145
20	1.55555107116068
20	1.5565304567603222
20	1.55704525079565
20	1.5572365142806068
20	1.5574900690059392
20	1.5583544422451778
20	1.5586648059718105
20	1.5589246737158247
20	1.5589385203991184
20	1.5592213716354564
20	1.5603059272403892
20	1.5604224107450886
20	1.5617851739941315
20	1.5619364729302687
20	1.562195951556413
20	1.563274246532809
20	1.563801503243594
20	1.5639373221532196
20	1.5640628546047777
20	1.5645077214278826
20	1.5670595008238033
20	1.5673062057880134
20	1.5683714087353091
20	1.5694839884221874
20	1.5697576900596484
20	1.5718577907816524
20	1.5751067663849871
20	1.577440138356833
20	1.5774514494825185
20	1.5776426962107282
20	1.5787365566851919
20	1.579330708009963
20	1.5793445534842765
20	1.579598084191753
20	1.580142123113666
20	1.5801546000310183
20	1.5804282893101265
20	1.5804475158959317
20	1.5808283144538424
20	1.5827181735565392
20	1.5842071136994402
20	1.5845849139951764
20	1.5849132708327718
20	1.5849956518067785
20	1.5854404792079346
20	1.5855660002322642
20	1.5874516447721354
20	1.5877115140741498
20	1.5901054141077915
20	1.590162788174298
20	1.5906825887908427
20	1.5909562661191592
20	1.592789902028558
20	1.5946565649460618
20	1.5955114092833445
20	1.5957088194194704
20	1.596038594697767
20	1.5973450508005191
20	1.5978445841175295
20	1.5997488389898311
20	1.6002383851207251
20	1.6005350316257758
20	1.600832483876405
20	1.6008517088505283
20	1.601073516340322
20	1.6010859921847087
20	1.6013471821033265
20	1.6027414128256041
20	1.604608000574266
20	1.6055159267462853
20	1.6058442555895758
20	1.6059697661916823
20	1.6060862275297516
20	1.6064969293913307
20	1.6078552544581681
20	1.610545594092099
20	1.6113325922010067
20	1.611359586820714
20	1.611606246763767
20	1.616157004878226
20	1.617747849539431
20	1.6201414614020775
20	1.620410777473355
20	1.620438084526893
20	1.6206409495114116
20	1.6212350003033718
20	1.6214647042100538
20	1.6217383479187346
20	1.6217496570196486
20	1.6220031443715013
20	1.6223003354216174
20	1.6261075932964977
20	1.6264883220975566
20	1.626898991153902
20	1.6270154429491186
20	1.6302165785739557
20	1.631474445653032
20	1.6317480788362582
20	1.6320079024912473
20	1.636558302169674
20	1.6370854028168549
20	1.6371948880475256
20	1.639884922805585
20	1.6405424473178274
20	1.6413661395238315
20	1.6416397624939303
20	1.642139209680031
20	1.642150517902984
20	1.6456647517917784
20	1.6465081172105034
20	1.6470351982565965
20	1.6474158970030839
20	1.6511438602749222
20	1.6521481705793446
20	1.655279018275627
20	1.6599878200692122
20	1.6608114533681142
20	1.6610850567892776
20	1.6620391069820053
20	1.6622925561711508
20	1.6625385167927789
20	1.6660637960355116
20	1.6665908395731803
20	1.6674341407696673
20	1.675677354114155
20	1.6798305974726464
20	1.6801041824249523
20	1.6814829707195664
20	1.6817364024628858
20	1.6824369520034212
20	1.6851861710353175
20	1.6857131791484867
20	1.6869883574477285
20	1.6987239515673795
20	1.7005007445457947
20	1.7007541598000881
20	1.701879436606414
20	1.7039027908703974
20	1.7061093512439418
20	1.7136437336100578
20	1.7191192336622139
20	1.7193726332998656
20	1.7208959066696607
20	1.7282863753273534
20	1.7376159316054371
20	1.7395131607603975
20	1.7431590373741
20	1.775644101793301
