24	0.279094669003878
24	0.28675769758949426
24	0.32838065896332996
24	0.3359725123945111
24	0.3395710834926214
24	0.3407697664108286
24	0.3647752017530027
24	0.3696321829230766
24	0.3723315158262014
24	0.37964835789202445
24	0.38076520277413456
24	0.3819580461791989
24	0.38296742641606685
24	0.3848314747061288
24	0.3877382183801353
24	0.3884094523902396
24	0.40242306528640526
24	0.4135221732662531
24	0.4147115487749534
24	0.41838375068553957
24	0.42100713246292887
24	0.42297589201104163
24	0.4231401148446311
24	0.42457418757158477
24	0.42829286492927343
24	0.42873613378430664
24	0.4294051073285689
24	0.43159836517155986
24	0.4359496381086173
24	0.43854764224459936
24	0.4492122084310998
24	0.4510666441765524
24	0.4527630691412931
24	0.4533301482392949
24	0.4544671707594953
24	0.4546265242208117
24	0.4556266131549313
24	0.4570842094975128
24	0.4603654581527641
24	0.46137462765549647
24	0.46204221151065006
24	0.46403230777927534
24	0.46435290314175476
24	0.46546261666114624
24	0.46688820927218144
24	0.46765094210519614
24	0.4685734675680064
24	0.4691717000456418
24	0.47733565709642645
24	0.47872115144754074
24	0.4808903312191747
24	0.4844656045046097
24	0.4853552833154227
24	0.4870784011820084
24	0.4879433158958291
24	0.48821377396471827
24	0.49433567193603567
24	0.4948179690879785
24	0.4954436866021776
24	0.4963594385204031
24	0.4966051489814445
24	0.497628695940328
24	0.49803309495923603
24	0.5011704963680594
24	0.5017361470683066
24	0.5021775782035015
24	0.5028703207440584
24	0.504829822192942
24	0.5099510698930358
24	0.510690040595658
24	0.5125048956602635
24	0.5128993575561764
24	0.5132997186842092
24	0.5170285760965966
24	0.5194901588000871
24	0.5205485766693788
24	0.5216553382570629
24	0.5223385726140916
24	0.5238379001967995
24	0.5238901745075337
24	0.5262975257064123
24	0.5279690713776639
24	0.5286956657018654
24	0.5328003104019455
24	0.5335607590570605
24	0.533688140745448
24	0.5346938876682781
24	0.5350769936167422
24	0.5370973532248027
24	0.5373426527398394
24	0.537435189001657
24	0.537662182223037
24	0.5387947163254515
24	0.5398725906798961
24	0.542854498268504
24	0.5432173516236364
24	0.5457004162585989
24	0.5484157819978117
24	0.551984676243604
24	0.5524773044614426
24	0.5532169962366722
24	0.5537959820542127
24	0.5541472763627284
24	0.5582364042994971
24	0.5589740472141406
24	0.5601917976703916
24	0.5611794269091086
24	0.5632199071448426
24	0.5634563573830317
24	0.5660399953486918
24	0.5669893504373613
24	0.5671401042409085
24	0.5675536106561269
24	0.5686850095100257
24	0.5693818448138834
24	0.5695717594223368
24	0.5698167921472307
24	0.5753227346660631
24	0.5755420807057012
24	0.5782967038711141
24	0.5799516017439603
24	0.5815699120354602
24	0.5856745925357824
24	0.5881082402048988
24	0.5890781018310358
24	0.5896042943298648
24	0.5926425513250032
24	0.5931345724983611
24	0.5936984036753991
24	0.5940920880276729
24	0.5944516327835245
24	0.5948289459939311
24	0.5961710883084228
24	0.5967430527064483
24	0.5970319966427181
24	0.5985476748087905
24	0.5994336688671654
24	0.6006052105259453
24	0.6029865096113822
24	0.6044335597951233
24	0.604939370199168
24	0.6079786135318554
24	0.6106466334740139
24	0.6107801421993811
24	0.6114219217172666
24	0.6142382139225762
24	0.6159534762080475
24	0.6189242127536054
24	0.6212204843267396
24	0.6215029771622388
24	0.6239343800358886
24	0.6246706846580036
24	0.6250644848223068
24	0.6255561039472691
24	0.6267268893937443
24	0.6268720927691219
24	0.6285901598107905
24	0.6319899797794354
24	0.6328222533540978
24	0.6353277970289232
24	0.6373515387344157
24	0.6375368174036167
24	0.6387994920437793
24	0.6412099258492238
24	0.6415654680822841
24	0.643516554326699
24	0.6437873891253247
24	0.6450346059198864
24	0.6472278535305174
24	0.647329531060412
24	0.6478434694375682
24	0.6483573755373004
24	0.6500418541086013
24	0.6507777354960209
24	0.6513259547025146
24	0.652977886878706
24	0.6537557628050819
24	0.6586117201049833
24	0.6589247144449943
24	0.6618062061281357
24	0.6643825811725942
24	0.6659754976072926
24	0.6686115067991634
24	0.669372663707731
24	0.6697405462704431
24	0.6713758092676266
24	0.6735964011010449
24	0.6759015368089087
24	0.6770348335614923
24	0.6773483681281509
24	0.6774186144485539
24	0.6798471954816687
24	0.6810465145985602
24	0.6831614569218106
24	0.6836219604233975
24	0.684700740103663
24	0.6878936671525645
24	0.6890111122438354
24	0.6935354063811313
24	0.6941798842270392
24	0.6946957191798387
24	0.6974587295348516
24	0.6984065351136846
24	0.6991672870503679
24	0.6996782946385928
24	0.7017419265393768
24	0.7018809555965535
24	0.7031151567146573
24	0.7057721012715021
24	0.705926251461062
24	0.7071388277149023
24	0.708267105201226
24	0.7102951307591395
24	0.7134092441935403
24	0.7150861439303984
24	0.7163433724656244
24	0.718917303142881
24	0.7202527144933616
24	0.7244776006291044
24	0.7247635306229991
24	0.7252380382490795
24	0.725891499166564
24	0.7315204996424818
24	0.7318401652413739
24	0.7327083879240145
24	0.7332063447985845
24	0.736914931857498
24	0.7394742915123054
24	0.7415151524648501
24	0.7426428474675543
24	0.7430854362377594
24	0.7483671644221597
24	0.7486882061843643
24	0.7505384406086386
24	0.7545319435765724
24	0.7575787592520606
24	0.758766219482015
24	0.7629712638669245
24	0.7631755016032059
24	0.7650457670421446
24	0.7659759700294716
24	0.7675698731181326
24	0.7712767463281394
24	0.7739736440124667
24	0.7747404720963827
24	0.7805822601627208
24	0.7806978527407024
24	0.7875953233491665
24	0.7887223535230958
24	0.7890188424068106
24	0.7894511840735288
24	0.7910926860947634
24	0.7957283814505164
24	0.7973217158157637
24	0.7988908995269884
24	0.8025963983464833
24	0.8029474698731446
24	0.8067399610016149
24	0.8173403061633844
24	0.8217661296205389
24	0.8233590159161476
24	0.824187065747676
24	0.827856671290898
24	0.8286322337632894
24	0.8315610347112641
24	0.8433721940836688
24	0.8502171908538426
24	0.8546612372855523
24	0.8575893088852817
24	0.8586326293522527
24	0.8637464620219573
24	0.8768679220842736
24	0.8836114205196437
24	0.8846545053836572
24	0.897583863366868
24	0.9106707676745665
24	0.9603429941702335
