603 1 0 0 1
 0 0.308433
 0 0.350741
 0 0.333943
 0 0.304629
 0 0.360559
 0 0.367186
 0 0.325319
 0 0.343469
 0 0.31334
 0 0.349302
 0 0.370237
 0 0.345629
 0 0.311284
 0 0.349244
 0 0.341973
 0 0.35957
 0 0.307109
 0 0.329334
 0 0.322034
 0 0.342603
 0 0.298081
 0 0.361543
 0 0.374071
 0 0.343076
 0 0.303697
 0 0.341922
 0 0.32131
 0 0.37518
 0 0.328912
 0 0.364569
 0 0.299282
 0 0.334379
 0 0.319583
 0 0.319131
 0 0.317287
 0 0.374644
 0 0.320748
 0 0.320816
 0 0.32645
 0 0.332211
 0 0.365083
 0 0.313773
 0 0.361178
 0 0.315919
 0 0.347329
 0 0.312478
 0 0.336652
 0 0.329809
 0 0.343843
 0 0.317714
 0 0.300011
 0 0.363861
 0 0.326345
 0 0.293465
 0 0.385489
 0 0.353559
 0 0.374608
 0 0.347112
 0 0.295275
 0 0.330674
 0 0.319151
 0 0.353578
 0 0.348061
 0 0.337999
 0 0.34712
 0 0.328815
 0 0.322139
 0 0.319481
 0 0.329462
 0 0.338646
 0 0.315814
 0 0.352618
 0 0.334363
 0 0.33695
 0 0.377641
 0 0.301086
 0 0.354714
 0 0.315617
 0 0.365957
 0 0.347954
 0 0.33647
 0 0.322966
 0 0.353804
 0 0.345957
 0 0.30412
 0 0.359275
 0 0.329245
 0 0.371123
 0 0.321957
 0 0.336659
 0 0.36414
 0 0.3521
 0 0.336805
 0 0.379036
 0 0.336541
 0 0.31418
 0 0.331063
 0 0.36486
 0 0.355977
 0 0.348693
 0 0.329139
 0 0.334775
 0 0.330787
 0 0.313231
 0 0.349564
 0 0.338659
 0 0.349126
 0 0.352504
 0 0.316195
 0 0.31844
 0 0.325417
 0 0.271738
 0 0.295141
 0 0.321013
 0 0.327696
 0 0.348286
 0 0.311981
 0 0.419522
 0 0.358352
 0 0.334774
 0 0.328674
 0 0.334327
 0 0.357757
 0 0.316594
 0 0.350944
 0 0.331791
 0 0.375193
 0 0.35153
 0 0.333572
 0 0.336173
 0 0.350038
 0 0.30609
 0 0.343641
 0 0.367152
 0 0.324868
 0 0.333149
 0 0.30085
 0 0.308951
 0 0.319053
 0 0.371973
 0 0.358461
 0 0.329587
 0 0.328214
 0 0.361391
 0 0.339274
 0 0.343617
 0 0.353607
 0 0.367024
 0 0.311995
 0 0.34217
 0 0.338638
 0 0.342759
 0 0.28749
 0 0.372298
 0 0.331258
 0 0.330699
 0 0.359547
 0 0.360257
 0 0.329701
 0 0.332095
 0 0.348794
 0 0.32333
 0 0.330043
 0 0.296005
 0 0.341038
 0 0.324897
 0 0.360177
 0 0.318361
 0 0.343433
 0 0.327969
 0 0.375622
 0 0.329521
 0 0.305754
 0 0.351131
 0 0.320629
 0 0.31667
 0 0.356896
 0 0.329417
 0 0.311456
 0 0.314297
 0 0.329037
 0 0.340072
 0 0.321189
 0 0.335145
 0 0.346073
 0 0.331242
 0 0.273763
 0 0.330156
 0 0.366027
 0 0.360381
 0 0.312971
 0 0.315763
 0 0.308867
 0 0.293151
 0 0.305003
 0 0.35298
 0 0.350831
 0 0.29728
 0 0.34593
 0 0.353755
 0 0.370161
 0 0.355513
 0 0.329798
 0 0.346585
 0 0.317379
 0 0.333228
 0 0.326514
 0 0.324092
 0 0.347981
 0 0.318852
 0 0.36141
 0 0.355936
 0 0.270511
 0 0.359177
 0 0.36212
 0 0.369132
 0 0.356881
 0 0.350534
 0 0.367326
 0 0.316958
 0 0.329752
 0 0.318028
 0 0.331461
 0 0.354162
 0 0.319459
 0 0.330746
 0 0.330472
 0 0.335997
 0 0.313128
 0 0.350719
 0 0.302815
 0 0.374782
 0 0.333345
 0 0.299525
 0 0.334571
 0 0.338025
 0 0.332519
 0 0.334848
 0 0.325336
 0 0.318055
 0 0.297201
 0 0.324682
 0 0.315511
 0 0.349057
 0 0.276341
 0 0.383319
 0 0.378152
 0 0.331702
 0 0.301718
 0 0.323634
 0 0.359035
 0 0.351684
 0 0.347912
 0 0.384015
 0 0.340752
 0 0.333729
 0 0.318716
 0 0.330994
 0 0.33993
 0 0.322541
 0 0.353959
 0 0.32973
 0 0.310659
 0 0.325964
 0 0.356203
 0 0.305375
 0 0.340144
 0 0.351107
 0 0.323955
 0 0.350308
 0 0.372614
 0 0.342968
 0 0.342442
 0 0.356889
 0 0.367231
 0 0.33522
 0 0.30498
 0 0.314194
 0 0.33334
 0 0.298438
 0 0.382407
 0 0.343793
 0 0.313868
 0 0.333043
 0 0.342625
 0 0.332919
 0 0.371625
 0 0.334932
 0 0.344292
 0 0.355153
 0 0.362846
 0 0.323858
 0 0.341586
 0 0.330286
 0 0.342197
 0 0.317281
 0 0.341273
 0 0.360616
 0 0.324523
 0 0.234795
 0 0.341487
 0 0.38871
 0 0.333046
 0 0.312274
 0 0.337651
 0 0.354178
 0 0.36001
 0 0.322909
 0 0.314123
 0 0.334574
 0 0.31413
 0 0.349003
 0 0.34034
 0 0.366034
 0 0.306337
 0 0.359735
 0 0.355647
 0 0.338904
 0 0.325297
 0 0.349894
 0 0.319261
 0 0.336229
 0 0.356965
 0 0.364789
 0 0.361823
 0 0.345743
 0 0.321086
 0 0.351101
 0 0.343112
 0 0.348415
 0 0.334745
 0 0.357361
 0 0.353218
 0 0.353063
 0 0.34577
 0 0.356507
 0 0.345692
 0 0.345738
 0 0.361509
 0 0.352405
 0 0.294227
 0 0.355003
 0 0.351351
 0 0.347994
 0 0.327349
 0 0.354852
 0 0.367954
 0 0.291836
 0 0.347168
 0 0.330826
 0 0.323961
 0 0.296023
 0 0.372108
 0 0.339392
 0 0.385145
 0 0.334198
 0 0.344067
 0 0.312624
 0 0.347254
 0 0.313723
 0 0.325287
 0 0.338663
 0 0.32364
 0 0.3671
 0 0.3117
 0 0.305892
 0 0.331075
 0 0.34648
 0 0.324896
 0 0.357448
 0 0.343267
 0 0.325346
 0 0.330386
 0 0.362128
 0 0.351277
 0 0.338331
 0 0.313593
 0 0.375307
 0 0.314799
 0 0.342269
 0 0.347016
 0 0.331632
 0 0.335552
 0 0.347043
 0 0.350103
 0 0.333288
 0 0.322921
 0 0.304509
 0 0.295648
 0 0.327733
 0 0.308086
 0 0.32254
 0 0.345873
 0 0.335352
 0 0.345599
 0 0.31268
 0 0.293812
 0 0.346175
 0 0.357687
 0 0.339364
 0 0.330373
 0 0.378287
 0 0.359569
 0 0.360663
 0 0.351968
 0 0.31911
 0 0.361207
 0 0.35871
 0 0.315735
 0 0.312961
 0 0.344062
 0 0.344595
 0 0.328587
 0 0.347579
 0 0.340028
 0 0.321352
 0 0.331609
 0 0.321818
 0 0.331993
 0 0.346235
 0 0.342027
 0 0.303488
 0 0.326352
 0 0.331561
 0 0.299981
 0 0.338881
 0 0.3201
 0 0.331619
 0 0.365625
 0 0.357693
 0 0.314777
 0 0.364926
 0 0.367404
 0 0.361825
 0 0.330383
 0 0.320347
 0 0.340794
 0 0.358812
 0 0.313843
 0 0.310885
 0 0.370198
 0 0.335057
 0 0.373082
 0 0.351183
 0 0.336845
 0 0.352893
 0 0.35489
 0 0.372353
 0 0.333943
 0 0.369329
 0 0.366611
 0 0.348171
 0 0.323317
 0 0.343904
 0 0.348771
 0 0.353526
 0 0.305531
 0 0.339587
 0 0.343468
 0 0.308951
 0 0.350298
 0 0.356481
 0 0.367339
 0 0.335664
 0 0.354844
 0 0.335758
 0 0.35807
 0 0.373255
 0 0.349382
 0 0.325694
 0 0.332851
 0 0.411164
 0 0.383876
 0 0.29627
 0 0.378966
 0 0.363188
 0 0.350037
 0 0.318607
 0 0.331259
 0 0.307562
 0 0.349533
 0 0.361952
 0 0.362119
 0 0.294505
 0 0.352515
 0 0.340006
 0 0.321469
 0 0.330722
 0 0.360513
 0 0.335927
 0 0.349916
 0 0.339473
 0 0.355014
 0 0.312807
 0 0.326177
 0 0.32204
 0 0.338464
 0 0.341209
 0 0.336375
 0 0.324072
 0 0.351661
 0 0.357924
 0 0.362355
 0 0.358872
 0 0.360881
 0 0.30708
 0 0.329042
 0 0.355599
 0 0.357207
 0 0.336704
 0 0.347289
 0 0.349202
 0 0.348094
 0 0.337937
 0 0.361618
 0 0.339697
 0 0.342922
 0 0.335895
 0 0.295078
 0 0.401395
 0 0.352604
 0 0.320626
 0 0.377662
 0 0.338193
 0 0.357173
 0 0.352841
 0 0.322938
 0 0.369109
 0 0.345715
 0 0.269615
 0 0.310122
 0 0.335857
 0 0.361603
 0 0.337569
 0 0.350233
 0 0.345127
 0 0.30211
 0 0.370254
 0 0.344445
 0 0.341127
 0 0.361915
 0 0.355696
 0 0.351543
 0 0.369902
 0 0.31371
 0 0.366435
 0 0.38981
 0 0.352229
 0 0.297684
 0 0.365426
 0 0.366931
 0 0.345145
 0 0.325056
 0 0.372053
 0 0.332525
 0 0.311551
 0 0.341321
 0 0.344444
 0 0.303146
 0 0.327139
 0 0.342578
 0 0.338467
 0 0.346902
 0 0.337034
 0 0.312045
 0 0.319358
 0 0.387295
 0 0.339683
 0 0.358563
 0 0.322235
 0 0.286119
 0 0.320591
 0 0.369247
 0 0.353961
 0 0.308657
 0 0.33998
 0 0.346882
 0 0.357281
 0 0.337938
 0 0.334739
 0 0.35674
 0 0.292115
 0 0.372454
 0 0.340197
 0 0.346849
 0 0.350912
 0 0.31505
 0 0.338067
 0 0.286032
 0 0.321107
 0 0.336933
 0 0.332358
 0 0.350834
 0 0.329869
 0 0.341647
 0 0.396358
 0 0.333987
 0 0.362972
 0 0.337859
 0 0.344204
 0 0.353847
 0 0.344616
 0 0.343731
