553 1 0 0 1
 0 0.307426
 0 0.309607
 0 0.318555
 0 0.313142
 0 0.316956
 0 0.312229
 0 0.345496
 0 0.324885
 0 0.329559
 0 0.357843
 0 0.353711
 0 0.339706
 0 0.308354
 0 0.341089
 0 0.294713
 0 0.307327
 0 0.31141
 0 0.310719
 0 0.346095
 0 0.334207
 0 0.321621
 0 0.343604
 0 0.343127
 0 0.304103
 0 0.356359
 0 0.331039
 0 0.328569
 0 0.319391
 0 0.326355
 0 0.309602
 0 0.345377
 0 0.309038
 0 0.313383
 0 0.343245
 0 0.331711
 0 0.348626
 0 0.32681
 0 0.334184
 0 0.338884
 0 0.316095
 0 0.308746
 0 0.329898
 0 0.320198
 0 0.31155
 0 0.317867
 0 0.319004
 0 0.336071
 0 0.319331
 0 0.322218
 0 0.326389
 0 0.326407
 0 0.324774
 0 0.323596
 0 0.327691
 0 0.325695
 0 0.319202
 0 0.340966
 0 0.307245
 0 0.301262
 0 0.341079
 0 0.324337
 0 0.324829
 0 0.32297
 0 0.32139
 0 0.332764
 0 0.314706
 0 0.309801
 0 0.294528
 0 0.33346
 0 0.33278
 0 0.360879
 0 0.316592
 0 0.328797
 0 0.306268
 0 0.3144
 0 0.341809
 0 0.327053
 0 0.346851
 0 0.343571
 0 0.336683
 0 0.338811
 0 0.327342
 0 0.334618
 0 0.366651
 0 0.294034
 0 0.305011
 0 0.331026
 0 0.299435
 0 0.324507
 0 0.299758
 0 0.311208
 0 0.312046
 0 0.338542
 0 0.339867
 0 0.313981
 0 0.328727
 0 0.303771
 0 0.317363
 0 0.313211
 0 0.319283
 0 0.333969
 0 0.327136
 0 0.313026
 0 0.325357
 0 0.317905
 0 0.340441
 0 0.307173
 0 0.280249
 0 0.334655
 0 0.330726
 0 0.325467
 0 0.316758
 0 0.298742
 0 0.305724
 0 0.316348
 0 0.315342
 0 0.306116
 0 0.322092
 0 0.33221
 0 0.308203
 0 0.281171
 0 0.278144
 0 0.324385
 0 0.30683
 0 0.31498
 0 0.321147
 0 0.353202
 0 0.340306
 0 0.346136
 0 0.326008
 0 0.315665
 0 0.325097
 0 0.313991
 0 0.318897
 0 0.305713
 0 0.289953
 0 0.346886
 0 0.319997
 0 0.313093
 0 0.332704
 0 0.306893
 0 0.333398
 0 0.309969
 0 0.329732
 0 0.34293
 0 0.339613
 0 0.307117
 0 0.294625
 0 0.292071
 0 0.311967
 0 0.304676
 0 0.333816
 0 0.33296
 0 0.305135
 0 0.300719
 0 0.335138
 0 0.343434
 0 0.330446
 0 0.319631
 0 0.324389
 0 0.312438
 0 0.332318
 0 0.30219
 0 0.310174
 0 0.339156
 0 0.265015
 0 0.307845
 0 0.343676
 0 0.312472
 0 0.323067
 0 0.306123
 0 0.308996
 0 0.33839
 0 0.320665
 0 0.303145
 0 0.321016
 0 0.3194
 0 0.324556
 0 0.351483
 0 0.342719
 0 0.326885
 0 0.315324
 0 0.299879
 0 0.289402
 0 0.294951
 0 0.335026
 0 0.309757
 0 0.327566
 0 0.324993
 0 0.338454
 0 0.331619
 0 0.336283
 0 0.303647
 0 0.329267
 0 0.331706
 0 0.277491
 0 0.310386
 0 0.34356
 0 0.31292
 0 0.335575
 0 0.298847
 0 0.337188
 0 0.320483
 0 0.282117
 0 0.361581
 0 0.297804
 0 0.296565
 0 0.321127
 0 0.306673
 0 0.323424
 0 0.303355
 0 0.333929
 0 0.300743
 0 0.315905
 0 0.343367
 0 0.27674
 0 0.331779
 0 0.300654
 0 0.302524
 0 0.324642
 0 0.335014
 0 0.321603
 0 0.309576
 0 0.312729
 0 0.303534
 0 0.377242
 0 0.31275
 0 0.323156
 0 0.327233
 0 0.324694
 0 0.324462
 0 0.310086
 0 0.353458
 0 0.327297
 0 0.333034
 0 0.342135
 0 0.330896
 0 0.336149
 0 0.338265
 0 0.293695
 0 0.312012
 0 0.344788
 0 0.310578
 0 0.320882
 0 0.335
 0 0.327199
 0 0.31157
 0 0.332351
 0 0.336285
 0 0.322158
 0 0.286262
 0 0.320855
 0 0.29434
 0 0.29222
 0 0.318028
 0 0.321123
 0 0.339763
 0 0.321766
 0 0.320623
 0 0.344136
 0 0.307767
 0 0.348978
 0 0.313936
 0 0.315353
 0 0.296561
 0 0.290043
 0 0.329858
 0 0.337698
 0 0.337583
 0 0.334462
 0 0.333812
 0 0.320303
 0 0.317166
 0 0.321175
 0 0.320236
 0 0.337774
 0 0.309836
 0 0.301047
 0 0.318639
 0 0.306399
 0 0.328605
 0 0.340262
 0 0.331462
 0 0.323617
 0 0.305024
 0 0.309372
 0 0.344894
 0 0.300646
 0 0.307268
 0 0.308963
 0 0.309477
 0 0.327979
 0 0.339349
 0 0.322103
 0 0.325668
 0 0.34849
 0 0.328706
 0 0.337784
 0 0.337901
 0 0.317992
 0 0.339928
 0 0.310736
 0 0.330606
 0 0.301275
 0 0.319539
 0 0.282685
 0 0.338258
 0 0.334604
 0 0.345421
 0 0.312197
 0 0.331606
 0 0.336411
 0 0.33259
 0 0.325595
 0 0.280738
 0 0.320449
 0 0.330331
 0 0.313805
 0 0.367009
 0 0.316217
 0 0.326092
 0 0.303006
 0 0.322747
 0 0.356101
 0 0.322072
 0 0.33077
 0 0.349647
 0 0.351118
 0 0.332335
 0 0.348534
 0 0.32323
 0 0.318965
 0 0.337587
 0 0.341379
 0 0.311316
 0 0.332393
 0 0.326721
 0 0.319887
 0 0.338808
 0 0.326279
 0 0.318699
 0 0.317192
 0 0.330694
 0 0.334363
 0 0.337393
 0 0.34455
 0 0.356715
 0 0.326111
 0 0.314859
 0 0.329355
 0 0.336535
 0 0.29349
 0 0.335953
 0 0.3434
 0 0.315299
 0 0.328037
 0 0.337537
 0 0.347035
 0 0.328381
 0 0.344319
 0 0.31115
 0 0.320369
 0 0.33569
 0 0.323172
 0 0.315271
 0 0.295114
 0 0.321637
 0 0.338743
 0 0.323634
 0 0.348352
 0 0.324162
 0 0.321197
 0 0.328068
 0 0.32004
 0 0.314426
 0 0.316244
 0 0.318932
 0 0.341081
 0 0.325282
 0 0.326492
 0 0.350467
 0 0.323053
 0 0.333437
 0 0.299324
 0 0.324805
 0 0.325683
 0 0.324437
 0 0.330079
 0 0.344118
 0 0.315865
 0 0.327494
 0 0.330907
 0 0.326282
 0 0.334833
 0 0.301462
 0 0.30854
 0 0.343365
 0 0.337205
 0 0.308297
 0 0.313401
 0 0.336494
 0 0.342588
 0 0.328431
 0 0.360109
 0 0.298583
 0 0.320378
 0 0.32201
 0 0.310754
 0 0.338405
 0 0.319244
 0 0.309975
 0 0.30589
 0 0.329932
 0 0.302087
 0 0.2913
 0 0.317477
 0 0.338524
 0 0.311219
 0 0.345119
 0 0.33218
 0 0.327132
 0 0.321836
 0 0.322263
 0 0.339099
 0 0.326102
 0 0.333715
 0 0.32058
 0 0.318202
 0 0.331741
 0 0.32997
 0 0.320709
 0 0.303666
 0 0.322101
 0 0.342466
 0 0.32184
 0 0.336103
 0 0.294048
 0 0.309329
 0 0.312448
 0 0.343239
 0 0.333051
 0 0.340539
 0 0.354103
 0 0.325233
 0 0.332961
 0 0.293494
 0 0.300864
 0 0.330374
 0 0.312842
 0 0.330728
 0 0.324641
 0 0.325608
 0 0.303879
 0 0.317884
 0 0.316939
 0 0.355168
 0 0.27696
 0 0.331007
 0 0.3443
 0 0.310517
 0 0.344773
 0 0.315118
 0 0.339137
 0 0.3248
 0 0.285787
 0 0.309337
 0 0.317901
 0 0.340058
 0 0.320206
 0 0.33764
 0 0.337736
 0 0.352322
 0 0.301953
 0 0.296415
 0 0.341093
 0 0.300203
 0 0.34923
 0 0.334328
 0 0.334224
 0 0.327582
 0 0.332066
 0 0.335671
 0 0.322277
 0 0.299874
 0 0.324958
 0 0.314214
 0 0.355837
 0 0.352908
 0 0.308424
 0 0.323608
 0 0.345551
 0 0.317942
 0 0.323109
 0 0.344224
 0 0.32137
 0 0.308085
 0 0.324369
 0 0.33811
 0 0.342398
 0 0.327636
 0 0.301751
 0 0.333399
 0 0.338506
 0 0.342733
 0 0.311603
 0 0.324759
 0 0.354027
 0 0.309983
 0 0.328829
 0 0.304348
 0 0.355278
 0 0.318057
 0 0.31535
 0 0.323585
 0 0.31538
 0 0.315485
 0 0.33109
 0 0.33625
 0 0.317253
 0 0.314188
 0 0.303446
 0 0.328472
 0 0.304941
 0 0.31047
 0 0.33927
 0 0.305302
 0 0.330829
 0 0.329178
 0 0.307277
 0 0.337534
 0 0.314833
 0 0.298674
 0 0.31806
 0 0.310771
 0 0.327207
 0 0.318081
 0 0.337881
 0 0.31779
 0 0.311417
 0 0.304308
 0 0.325396
 0 0.331178
 0 0.338326
 0 0.329341
 0 0.321091
 0 0.333185
 0 0.330875
 0 0.323808
 0 0.319579
 0 0.332416
 0 0.289539
 0 0.304123
 0 0.348431
