553 1 0 0 1
 0 0.355799
 0 0.361663
 0 0.377206
 0 0.354721
 0 0.369719
 0 0.359873
 0 0.39713
 0 0.370673
 0 0.384271
 0 0.40007
 0 0.404093
 0 0.401942
 0 0.359191
 0 0.386501
 0 0.330844
 0 0.350948
 0 0.363909
 0 0.364701
 0 0.397527
 0 0.357774
 0 0.404659
 0 0.37171
 0 0.385758
 0 0.345802
 0 0.401091
 0 0.377061
 0 0.358169
 0 0.36987
 0 0.366568
 0 0.368942
 0 0.38713
 0 0.366166
 0 0.358245
 0 0.405741
 0 0.372478
 0 0.397994
 0 0.361584
 0 0.365543
 0 0.375179
 0 0.35797
 0 0.353021
 0 0.38371
 0 0.373641
 0 0.371711
 0 0.364148
 0 0.355492
 0 0.3789
 0 0.348177
 0 0.361457
 0 0.363636
 0 0.36405
 0 0.365413
 0 0.370266
 0 0.379038
 0 0.363767
 0 0.358532
 0 0.39366
 0 0.371466
 0 0.37713
 0 0.394316
 0 0.36584
 0 0.382627
 0 0.369446
 0 0.386814
 0 0.375901
 0 0.369519
 0 0.371714
 0 0.32539
 0 0.377593
 0 0.381403
 0 0.411271
 0 0.37564
 0 0.370648
 0 0.362082
 0 0.368545
 0 0.371848
 0 0.372696
 0 0.379159
 0 0.383907
 0 0.376753
 0 0.378291
 0 0.371008
 0 0.388069
 0 0.421151
 0 0.342176
 0 0.357641
 0 0.37756
 0 0.350856
 0 0.371506
 0 0.351032
 0 0.366031
 0 0.360998
 0 0.37442
 0 0.394692
 0 0.365283
 0 0.373015
 0 0.338688
 0 0.363318
 0 0.357498
 0 0.376901
 0 0.393687
 0 0.37381
 0 0.372387
 0 0.360156
 0 0.375844
 0 0.389299
 0 0.365041
 0 0.350912
 0 0.389956
 0 0.38203
 0 0.388046
 0 0.362321
 0 0.362204
 0 0.351918
 0 0.364256
 0 0.350703
 0 0.342255
 0 0.379743
 0 0.379634
 0 0.353019
 0 0.386365
 0 0.345506
 0 0.357688
 0 0.353018
 0 0.368811
 0 0.37583
 0 0.395318
 0 0.376207
 0 0.38047
 0 0.385856
 0 0.370473
 0 0.369397
 0 0.361222
 0 0.353118
 0 0.356557
 0 0.319732
 0 0.402908
 0 0.368882
 0 0.362832
 0 0.383283
 0 0.363562
 0 0.387185
 0 0.365944
 0 0.370526
 0 0.389657
 0 0.383309
 0 0.349513
 0 0.355068
 0 0.328883
 0 0.382005
 0 0.356526
 0 0.38515
 0 0.374374
 0 0.343602
 0 0.353264
 0 0.368291
 0 0.386929
 0 0.370962
 0 0.34168
 0 0.38107
 0 0.349667
 0 0.371381
 0 0.346342
 0 0.354978
 0 0.383573
 0 0.380009
 0 0.342727
 0 0.391881
 0 0.351169
 0 0.372103
 0 0.372017
 0 0.350658
 0 0.396656
 0 0.36199
 0 0.345856
 0 0.354239
 0 0.383503
 0 0.376705
 0 0.405837
 0 0.384708
 0 0.357941
 0 0.362173
 0 0.350657
 0 0.352015
 0 0.347385
 0 0.388492
 0 0.353571
 0 0.382985
 0 0.360589
 0 0.388706
 0 0.385127
 0 0.378595
 0 0.3518
 0 0.386333
 0 0.361503
 0 0.336321
 0 0.358696
 0 0.382748
 0 0.355849
 0 0.38617
 0 0.365423
 0 0.385489
 0 0.354798
 0 0.335623
 0 0.389087
 0 0.348616
 0 0.34483
 0 0.364627
 0 0.337763
 0 0.361028
 0 0.37272
 0 0.393597
 0 0.339156
 0 0.363804
 0 0.395203
 0 0.337504
 0 0.358894
 0 0.34802
 0 0.351934
 0 0.361709
 0 0.394546
 0 0.367366
 0 0.3716
 0 0.357505
 0 0.363037
 0 0.412736
 0 0.37884
 0 0.389308
 0 0.364293
 0 0.367808
 0 0.386841
 0 0.365604
 0 0.402419
 0 0.363388
 0 0.385758
 0 0.381051
 0 0.373069
 0 0.377544
 0 0.380081
 0 0.350185
 0 0.362154
 0 0.388924
 0 0.354297
 0 0.369305
 0 0.386909
 0 0.372858
 0 0.371217
 0 0.382664
 0 0.402363
 0 0.377226
 0 0.348275
 0 0.358334
 0 0.354656
 0 0.348023
 0 0.360775
 0 0.377099
 0 0.371579
 0 0.368268
 0 0.353205
 0 0.375844
 0 0.374605
 0 0.392994
 0 0.362116
 0 0.38312
 0 0.329654
 0 0.337038
 0 0.365214
 0 0.383939
 0 0.370404
 0 0.401892
 0 0.381431
 0 0.371098
 0 0.3661
 0 0.36216
 0 0.360769
 0 0.39429
 0 0.353659
 0 0.342826
 0 0.370504
 0 0.386611
 0 0.371904
 0 0.395236
 0 0.369302
 0 0.374323
 0 0.360086
 0 0.35843
 0 0.386379
 0 0.351469
 0 0.36215
 0 0.364343
 0 0.351905
 0 0.388587
 0 0.385062
 0 0.371411
 0 0.385755
 0 0.386381
 0 0.387963
 0 0.387725
 0 0.383888
 0 0.344944
 0 0.380916
 0 0.362909
 0 0.363747
 0 0.357955
 0 0.355736
 0 0.331487
 0 0.376911
 0 0.374372
 0 0.365611
 0 0.362959
 0 0.395225
 0 0.391324
 0 0.37729
 0 0.385116
 0 0.351042
 0 0.376
 0 0.380218
 0 0.366115
 0 0.3992
 0 0.373487
 0 0.367153
 0 0.339116
 0 0.362427
 0 0.397559
 0 0.365956
 0 0.393887
 0 0.40245
 0 0.398788
 0 0.384765
 0 0.384819
 0 0.392859
 0 0.376379
 0 0.379346
 0 0.385288
 0 0.372019
 0 0.371338
 0 0.370401
 0 0.377305
 0 0.388373
 0 0.384256
 0 0.374023
 0 0.38541
 0 0.384691
 0 0.372283
 0 0.394555
 0 0.376309
 0 0.392009
 0 0.364978
 0 0.358379
 0 0.36829
 0 0.388377
 0 0.346606
 0 0.373802
 0 0.385623
 0 0.359617
 0 0.376725
 0 0.38303
 0 0.399648
 0 0.368503
 0 0.386464
 0 0.356962
 0 0.382091
 0 0.387439
 0 0.385266
 0 0.369919
 0 0.341979
 0 0.370284
 0 0.37171
 0 0.380361
 0 0.413626
 0 0.374644
 0 0.344531
 0 0.377576
 0 0.364156
 0 0.369384
 0 0.374995
 0 0.359626
 0 0.390513
 0 0.371907
 0 0.371307
 0 0.392421
 0 0.380177
 0 0.373473
 0 0.346486
 0 0.373731
 0 0.366703
 0 0.367443
 0 0.384987
 0 0.392625
 0 0.377333
 0 0.38311
 0 0.367467
 0 0.365803
 0 0.368963
 0 0.331779
 0 0.370751
 0 0.400473
 0 0.395223
 0 0.336475
 0 0.357623
 0 0.393456
 0 0.393936
 0 0.381145
 0 0.415751
 0 0.350035
 0 0.384459
 0 0.365896
 0 0.36089
 0 0.378134
 0 0.379647
 0 0.352124
 0 0.350908
 0 0.379839
 0 0.364163
 0 0.362422
 0 0.360389
 0 0.369725
 0 0.350671
 0 0.392459
 0 0.381253
 0 0.379737
 0 0.37033
 0 0.367002
 0 0.385973
 0 0.375301
 0 0.363859
 0 0.363295
 0 0.378431
 0 0.385265
 0 0.375903
 0 0.373875
 0 0.349938
 0 0.36877
 0 0.379656
 0 0.370248
 0 0.388479
 0 0.345791
 0 0.362869
 0 0.367792
 0 0.381598
 0 0.371987
 0 0.370233
 0 0.377473
 0 0.376614
 0 0.37378
 0 0.345777
 0 0.342314
 0 0.373111
 0 0.362914
 0 0.383364
 0 0.362852
 0 0.392069
 0 0.35401
 0 0.364684
 0 0.367623
 0 0.41245
 0 0.350493
 0 0.370079
 0 0.368848
 0 0.384999
 0 0.391595
 0 0.357255
 0 0.376001
 0 0.375596
 0 0.336481
 0 0.353662
 0 0.356227
 0 0.393974
 0 0.364364
 0 0.363229
 0 0.368816
 0 0.38749
 0 0.345111
 0 0.356414
 0 0.384587
 0 0.35181
 0 0.399324
 0 0.364063
 0 0.375293
 0 0.367451
 0 0.383094
 0 0.381383
 0 0.357172
 0 0.353745
 0 0.367246
 0 0.364016
 0 0.391254
 0 0.396882
 0 0.367104
 0 0.379726
 0 0.392938
 0 0.363058
 0 0.376746
 0 0.39028
 0 0.361424
 0 0.364881
 0 0.394535
 0 0.379697
 0 0.388526
 0 0.379583
 0 0.360029
 0 0.372623
 0 0.392997
 0 0.377011
 0 0.360732
 0 0.36757
 0 0.400366
 0 0.388256
 0 0.379166
 0 0.372177
 0 0.39126
 0 0.376889
 0 0.364264
 0 0.372107
 0 0.33943
 0 0.356223
 0 0.376143
 0 0.385018
 0 0.360237
 0 0.363139
 0 0.347381
 0 0.36593
 0 0.3521
 0 0.36703
 0 0.374894
 0 0.355604
 0 0.372935
 0 0.386501
 0 0.373099
 0 0.38524
 0 0.337713
 0 0.338062
 0 0.359537
 0 0.343319
 0 0.38863
 0 0.371397
 0 0.383274
 0 0.366765
 0 0.36028
 0 0.353161
 0 0.379438
 0 0.3802
 0 0.374821
 0 0.383288
 0 0.36661
 0 0.381347
 0 0.383878
 0 0.37993
 0 0.367579
 0 0.370896
 0 0.364202
 0 0.351586
 0 0.385532
