603 1 0 0 1
 0 0.273761
 0 0.307059
 0 0.310465
 0 0.283037
 0 0.320775
 0 0.334042
 0 0.294543
 0 0.306809
 0 0.279084
 0 0.316868
 0 0.340319
 0 0.316158
 0 0.279887
 0 0.322469
 0 0.308264
 0 0.317655
 0 0.275169
 0 0.300053
 0 0.283748
 0 0.308339
 0 0.260131
 0 0.328394
 0 0.335473
 0 0.311532
 0 0.275647
 0 0.301333
 0 0.290213
 0 0.343045
 0 0.306645
 0 0.32968
 0 0.263068
 0 0.297757
 0 0.281853
 0 0.284555
 0 0.286984
 0 0.343295
 0 0.289562
 0 0.283867
 0 0.291639
 0 0.302393
 0 0.329107
 0 0.28699
 0 0.321841
 0 0.292888
 0 0.324972
 0 0.28371
 0 0.304788
 0 0.288351
 0 0.310425
 0 0.276965
 0 0.275539
 0 0.330757
 0 0.301993
 0 0.265762
 0 0.351507
 0 0.321648
 0 0.335707
 0 0.315946
 0 0.269244
 0 0.306804
 0 0.295468
 0 0.319797
 0 0.309918
 0 0.303926
 0 0.298138
 0 0.298147
 0 0.288474
 0 0.288722
 0 0.295894
 0 0.298993
 0 0.281211
 0 0.319624
 0 0.308085
 0 0.305721
 0 0.347136
 0 0.265315
 0 0.315448
 0 0.28473
 0 0.332332
 0 0.311878
 0 0.293732
 0 0.286181
 0 0.311589
 0 0.313848
 0 0.277491
 0 0.326091
 0 0.292365
 0 0.334793
 0 0.288986
 0 0.297997
 0 0.319051
 0 0.313413
 0 0.292308
 0 0.341429
 0 0.308089
 0 0.28302
 0 0.280959
 0 0.326593
 0 0.324864
 0 0.311951
 0 0.290799
 0 0.301583
 0 0.298478
 0 0.287687
 0 0.323325
 0 0.302743
 0 0.313172
 0 0.314276
 0 0.291482
 0 0.282367
 0 0.291042
 0 0.232683
 0 0.268301
 0 0.29303
 0 0.293475
 0 0.310344
 0 0.287739
 0 0.374192
 0 0.325174
 0 0.289929
 0 0.292235
 0 0.303006
 0 0.333543
 0 0.28877
 0 0.315622
 0 0.300274
 0 0.334497
 0 0.310551
 0 0.297639
 0 0.292335
 0 0.312771
 0 0.277949
 0 0.310498
 0 0.329058
 0 0.290538
 0 0.298722
 0 0.271282
 0 0.276429
 0 0.29255
 0 0.337955
 0 0.315807
 0 0.295991
 0 0.291933
 0 0.328046
 0 0.308418
 0 0.312854
 0 0.322017
 0 0.327262
 0 0.280286
 0 0.31637
 0 0.304359
 0 0.315789
 0 0.251884
 0 0.32607
 0 0.308944
 0 0.300431
 0 0.325535
 0 0.332426
 0 0.298934
 0 0.302086
 0 0.320962
 0 0.301125
 0 0.295039
 0 0.266791
 0 0.310959
 0 0.287972
 0 0.322359
 0 0.282749
 0 0.314957
 0 0.300405
 0 0.331661
 0 0.298945
 0 0.269597
 0 0.320773
 0 0.288817
 0 0.29227
 0 0.315893
 0 0.296368
 0 0.278347
 0 0.270535
 0 0.310488
 0 0.311172
 0 0.286544
 0 0.30398
 0 0.307626
 0 0.306166
 0 0.248217
 0 0.283997
 0 0.329269
 0 0.322677
 0 0.272531
 0 0.296616
 0 0.271405
 0 0.254709
 0 0.273149
 0 0.315823
 0 0.314583
 0 0.263862
 0 0.300705
 0 0.314578
 0 0.340258
 0 0.317492
 0 0.289088
 0 0.305858
 0 0.276552
 0 0.298365
 0 0.296475
 0 0.298345
 0 0.314248
 0 0.283085
 0 0.329963
 0 0.322726
 0 0.252754
 0 0.324056
 0 0.327686
 0 0.323302
 0 0.321572
 0 0.311077
 0 0.327464
 0 0.275752
 0 0.296088
 0 0.277322
 0 0.296512
 0 0.324799
 0 0.287184
 0 0.296303
 0 0.294428
 0 0.314606
 0 0.288397
 0 0.313118
 0 0.269398
 0 0.334655
 0 0.300349
 0 0.277756
 0 0.301464
 0 0.303254
 0 0.29041
 0 0.305338
 0 0.292489
 0 0.286066
 0 0.269314
 0 0.30007
 0 0.288444
 0 0.319514
 0 0.262299
 0 0.353397
 0 0.344465
 0 0.292729
 0 0.27407
 0 0.288579
 0 0.323911
 0 0.319688
 0 0.309984
 0 0.339675
 0 0.302257
 0 0.27782
 0 0.290134
 0 0.299082
 0 0.307817
 0 0.283114
 0 0.315605
 0 0.294128
 0 0.271911
 0 0.294375
 0 0.326675
 0 0.272294
 0 0.299829
 0 0.317691
 0 0.29681
 0 0.320076
 0 0.335441
 0 0.303492
 0 0.305455
 0 0.322578
 0 0.330713
 0 0.306757
 0 0.268383
 0 0.274263
 0 0.294667
 0 0.271474
 0 0.353468
 0 0.306691
 0 0.276418
 0 0.301248
 0 0.314962
 0 0.296716
 0 0.336795
 0 0.30534
 0 0.30194
 0 0.326647
 0 0.322195
 0 0.273163
 0 0.30302
 0 0.29504
 0 0.309482
 0 0.284861
 0 0.319126
 0 0.32756
 0 0.292644
 0 0.190872
 0 0.302492
 0 0.344452
 0 0.29801
 0 0.281583
 0 0.308248
 0 0.318496
 0 0.337511
 0 0.285912
 0 0.28387
 0 0.306384
 0 0.279058
 0 0.320762
 0 0.309976
 0 0.334308
 0 0.278756
 0 0.326872
 0 0.323155
 0 0.305924
 0 0.295818
 0 0.316346
 0 0.285637
 0 0.302678
 0 0.323113
 0 0.331872
 0 0.328113
 0 0.302853
 0 0.295222
 0 0.311771
 0 0.310198
 0 0.31389
 0 0.308355
 0 0.331351
 0 0.319625
 0 0.315777
 0 0.309661
 0 0.32007
 0 0.307873
 0 0.308943
 0 0.324571
 0 0.320516
 0 0.264628
 0 0.322612
 0 0.320442
 0 0.312056
 0 0.289449
 0 0.318942
 0 0.337231
 0 0.239435
 0 0.298384
 0 0.293958
 0 0.291611
 0 0.249049
 0 0.330089
 0 0.315297
 0 0.357211
 0 0.302167
 0 0.306509
 0 0.285121
 0 0.320579
 0 0.286298
 0 0.292988
 0 0.31263
 0 0.285663
 0 0.329754
 0 0.273179
 0 0.267788
 0 0.299468
 0 0.313717
 0 0.29326
 0 0.326075
 0 0.30371
 0 0.281901
 0 0.299767
 0 0.324964
 0 0.327817
 0 0.302276
 0 0.27404
 0 0.338221
 0 0.283378
 0 0.316717
 0 0.312585
 0 0.297169
 0 0.295256
 0 0.307652
 0 0.308425
 0 0.29176
 0 0.291179
 0 0.267326
 0 0.250589
 0 0.297027
 0 0.274328
 0 0.287087
 0 0.313009
 0 0.302356
 0 0.304977
 0 0.285543
 0 0.269009
 0 0.312855
 0 0.316661
 0 0.300624
 0 0.298521
 0 0.336248
 0 0.328247
 0 0.323012
 0 0.318477
 0 0.279734
 0 0.320509
 0 0.324483
 0 0.276293
 0 0.277516
 0 0.302196
 0 0.31864
 0 0.295181
 0 0.309183
 0 0.30989
 0 0.284683
 0 0.292043
 0 0.287819
 0 0.305937
 0 0.312714
 0 0.308134
 0 0.282104
 0 0.295823
 0 0.29645
 0 0.269019
 0 0.307603
 0 0.284849
 0 0.289976
 0 0.334856
 0 0.32865
 0 0.283054
 0 0.323218
 0 0.319553
 0 0.322107
 0 0.304062
 0 0.29689
 0 0.304056
 0 0.324195
 0 0.274102
 0 0.277925
 0 0.331155
 0 0.303242
 0 0.338423
 0 0.316533
 0 0.298743
 0 0.317517
 0 0.327747
 0 0.344509
 0 0.298007
 0 0.337658
 0 0.331524
 0 0.306342
 0 0.289612
 0 0.311425
 0 0.310327
 0 0.328825
 0 0.268798
 0 0.301482
 0 0.313415
 0 0.283316
 0 0.318043
 0 0.327661
 0 0.33078
 0 0.299366
 0 0.320855
 0 0.307828
 0 0.32377
 0 0.336492
 0 0.309969
 0 0.29934
 0 0.30261
 0 0.362417
 0 0.350676
 0 0.269352
 0 0.352865
 0 0.331062
 0 0.311109
 0 0.283873
 0 0.306474
 0 0.275873
 0 0.326772
 0 0.329136
 0 0.334481
 0 0.248306
 0 0.324881
 0 0.301659
 0 0.290033
 0 0.291637
 0 0.324025
 0 0.314049
 0 0.312222
 0 0.304394
 0 0.321174
 0 0.28139
 0 0.294879
 0 0.281231
 0 0.304587
 0 0.304001
 0 0.290721
 0 0.299032
 0 0.312708
 0 0.31875
 0 0.324363
 0 0.321543
 0 0.335156
 0 0.271331
 0 0.299739
 0 0.324902
 0 0.317404
 0 0.301608
 0 0.311911
 0 0.316794
 0 0.317125
 0 0.297904
 0 0.319855
 0 0.300565
 0 0.314569
 0 0.301013
 0 0.266936
 0 0.362861
 0 0.314812
 0 0.272831
 0 0.34774
 0 0.298426
 0 0.325559
 0 0.307151
 0 0.277652
 0 0.339693
 0 0.3134
 0 0.23645
 0 0.280037
 0 0.296981
 0 0.326686
 0 0.305804
 0 0.30573
 0 0.295125
 0 0.274807
 0 0.341701
 0 0.303647
 0 0.307116
 0 0.326168
 0 0.321689
 0 0.322787
 0 0.334145
 0 0.273862
 0 0.320372
 0 0.345357
 0 0.323895
 0 0.266759
 0 0.326679
 0 0.346554
 0 0.307662
 0 0.282992
 0 0.331071
 0 0.293655
 0 0.274883
 0 0.316056
 0 0.306606
 0 0.263223
 0 0.300581
 0 0.321906
 0 0.303577
 0 0.308326
 0 0.308446
 0 0.274769
 0 0.290382
 0 0.335919
 0 0.31617
 0 0.315261
 0 0.281609
 0 0.263491
 0 0.284695
 0 0.33258
 0 0.305273
 0 0.280847
 0 0.307878
 0 0.314736
 0 0.319541
 0 0.30653
 0 0.298784
 0 0.325223
 0 0.258922
 0 0.339287
 0 0.301976
 0 0.31316
 0 0.309691
 0 0.280373
 0 0.295686
 0 0.247895
 0 0.295439
 0 0.288417
 0 0.313564
 0 0.319338
 0 0.297064
 0 0.310472
 0 0.363339
 0 0.296025
 0 0.32974
 0 0.299647
 0 0.320651
 0 0.316331
 0 0.309137
 0 0.312623
