603 1 0 0 1
 0 0.375675
 0 0.389585
 0 0.357764
 0 0.394788
 0 0.411378
 0 0.411097
 0 0.413874
 0 0.380382
 0 0.376027
 0 0.387197
 0 0.489429
 0 0.383561
 0 0.372102
 0 0.44219
 0 0.36952
 0 0.376095
 0 0.340654
 0 0.353103
 0 0.342662
 0 0.412523
 0 0.348722
 0 0.403266
 0 0.409291
 0 0.381931
 0 0.363739
 0 0.348969
 0 0.34556
 0 0.427502
 0 0.390136
 0 0.40746
 0 0.33391
 0 0.417799
 0 0.402734
 0 0.320143
 0 0.352204
 0 0.433478
 0 0.371832
 0 0.356663
 0 0.370057
 0 0.402871
 0 0.395948
 0 0.367514
 0 0.406282
 0 0.354917
 0 0.415397
 0 0.349152
 0 0.395478
 0 0.356306
 0 0.389904
 0 0.342381
 0 0.376267
 0 0.418549
 0 0.380398
 0 0.445844
 0 0.442903
 0 0.389127
 0 0.410216
 0 0.399184
 0 0.360296
 0 0.377232
 0 0.376084
 0 0.388666
 0 0.409328
 0 0.37795
 0 0.399636
 0 0.346793
 0 0.375315
 0 0.367595
 0 0.393124
 0 0.402012
 0 0.398117
 0 0.38808
 0 0.343437
 0 0.434766
 0 0.43172
 0 0.354418
 0 0.391393
 0 0.382565
 0 0.457586
 0 0.425491
 0 0.350689
 0 0.432761
 0 0.369938
 0 0.378154
 0 0.31862
 0 0.406368
 0 0.388898
 0 0.41979
 0 0.372923
 0 0.36631
 0 0.412129
 0 0.417892
 0 0.379884
 0 0.411985
 0 0.367475
 0 0.370111
 0 0.369998
 0 0.400487
 0 0.397338
 0 0.363033
 0 0.396676
 0 0.408621
 0 0.362834
 0 0.347005
 0 0.423743
 0 0.379442
 0 0.39311
 0 0.392277
 0 0.350898
 0 0.331891
 0 0.414091
 0 0.335526
 0 0.346198
 0 0.416598
 0 0.32456
 0 0.375064
 0 0.368462
 0 0.471501
 0 0.392053
 0 0.39244
 0 0.372414
 0 0.407384
 0 0.374737
 0 0.372616
 0 0.405927
 0 0.368454
 0 0.448
 0 0.375595
 0 0.363236
 0 0.36805
 0 0.389702
 0 0.353636
 0 0.346721
 0 0.409487
 0 0.327852
 0 0.387871
 0 0.361068
 0 0.36378
 0 0.392438
 0 0.460918
 0 0.387008
 0 0.328532
 0 0.359049
 0 0.438199
 0 0.373349
 0 0.419098
 0 0.375823
 0 0.410238
 0 0.378123
 0 0.396728
 0 0.421316
 0 0.367358
 0 0.348839
 0 0.387257
 0 0.390196
 0 0.384841
 0 0.403986
 0 0.478976
 0 0.389219
 0 0.415896
 0 0.428281
 0 0.368307
 0 0.360954
 0 0.323161
 0 0.404746
 0 0.396214
 0 0.407316
 0 0.372157
 0 0.415262
 0 0.362308
 0 0.406071
 0 0.395729
 0 0.363395
 0 0.424155
 0 0.365562
 0 0.357055
 0 0.405481
 0 0.387314
 0 0.362345
 0 0.338022
 0 0.321956
 0 0.405255
 0 0.371668
 0 0.35845
 0 0.368564
 0 0.394119
 0 0.27675
 0 0.384979
 0 0.395738
 0 0.414134
 0 0.36014
 0 0.401851
 0 0.342704
 0 0.307352
 0 0.364983
 0 0.383507
 0 0.368637
 0 0.287465
 0 0.360707
 0 0.348084
 0 0.381718
 0 0.414268
 0 0.367638
 0 0.374336
 0 0.328956
 0 0.409939
 0 0.404364
 0 0.406961
 0 0.406578
 0 0.368527
 0 0.423558
 0 0.402369
 0 0.341281
 0 0.410238
 0 0.39197
 0 0.371032
 0 0.41499
 0 0.402926
 0 0.420544
 0 0.370385
 0 0.345702
 0 0.361021
 0 0.401229
 0 0.417251
 0 0.399262
 0 0.35888
 0 0.409798
 0 0.389115
 0 0.355563
 0 0.383908
 0 0.333206
 0 0.420013
 0 0.380578
 0 0.345546
 0 0.360124
 0 0.387485
 0 0.345807
 0 0.359104
 0 0.381024
 0 0.366104
 0 0.337871
 0 0.38253
 0 0.364331
 0 0.405632
 0 0.352076
 0 0.484761
 0 0.481049
 0 0.37572
 0 0.317032
 0 0.366362
 0 0.375106
 0 0.399645
 0 0.388539
 0 0.408695
 0 0.36882
 0 0.407273
 0 0.373593
 0 0.3747
 0 0.39934
 0 0.350407
 0 0.414231
 0 0.393809
 0 0.398121
 0 0.385182
 0 0.428369
 0 0.386683
 0 0.405047
 0 0.449248
 0 0.366664
 0 0.44646
 0 0.395657
 0 0.367822
 0 0.358554
 0 0.416738
 0 0.413279
 0 0.419809
 0 0.397396
 0 0.347836
 0 0.377112
 0 0.365743
 0 0.444455
 0 0.385608
 0 0.322673
 0 0.398969
 0 0.40874
 0 0.375678
 0 0.43278
 0 0.383807
 0 0.36435
 0 0.406102
 0 0.440682
 0 0.395061
 0 0.35564
 0 0.387157
 0 0.372396
 0 0.375768
 0 0.397312
 0 0.427344
 0 0.379102
 0 0.214943
 0 0.385445
 0 0.435239
 0 0.346706
 0 0.360905
 0 0.375256
 0 0.383699
 0 0.454814
 0 0.369431
 0 0.366521
 0 0.413376
 0 0.360706
 0 0.399627
 0 0.381627
 0 0.388009
 0 0.406165
 0 0.376707
 0 0.441317
 0 0.408023
 0 0.392328
 0 0.408986
 0 0.351741
 0 0.370063
 0 0.404221
 0 0.403421
 0 0.410177
 0 0.370221
 0 0.364438
 0 0.395054
 0 0.382966
 0 0.404661
 0 0.391665
 0 0.434162
 0 0.426458
 0 0.347252
 0 0.385989
 0 0.396583
 0 0.391203
 0 0.389281
 0 0.393602
 0 0.414991
 0 0.353518
 0 0.405436
 0 0.402096
 0 0.410679
 0 0.371283
 0 0.391957
 0 0.38459
 0 0.354437
 0 0.346913
 0 0.350772
 0 0.360213
 0 0.305282
 0 0.431625
 0 0.38571
 0 0.455569
 0 0.371733
 0 0.374613
 0 0.374939
 0 0.391216
 0 0.319235
 0 0.379961
 0 0.398377
 0 0.365516
 0 0.396911
 0 0.301001
 0 0.419605
 0 0.355067
 0 0.416615
 0 0.341513
 0 0.42504
 0 0.430349
 0 0.38889
 0 0.341177
 0 0.415764
 0 0.362538
 0 0.356465
 0 0.343506
 0 0.435351
 0 0.37073
 0 0.43097
 0 0.39926
 0 0.359612
 0 0.374923
 0 0.38707
 0 0.35668
 0 0.354796
 0 0.403827
 0 0.400779
 0 0.347009
 0 0.395254
 0 0.324115
 0 0.334567
 0 0.386048
 0 0.390545
 0 0.372174
 0 0.370743
 0 0.348492
 0 0.333464
 0 0.421711
 0 0.334546
 0 0.368705
 0 0.415152
 0 0.408254
 0 0.423048
 0 0.407907
 0 0.393397
 0 0.431091
 0 0.419234
 0 0.35272
 0 0.362058
 0 0.398866
 0 0.375381
 0 0.376608
 0 0.363985
 0 0.359134
 0 0.327186
 0 0.370765
 0 0.345518
 0 0.381287
 0 0.383252
 0 0.373008
 0 0.37684
 0 0.358167
 0 0.373402
 0 0.373442
 0 0.383894
 0 0.322424
 0 0.383328
 0 0.444188
 0 0.420156
 0 0.364381
 0 0.390842
 0 0.428196
 0 0.421294
 0 0.392152
 0 0.355816
 0 0.339379
 0 0.4582
 0 0.330862
 0 0.371618
 0 0.428568
 0 0.38019
 0 0.411615
 0 0.418167
 0 0.354676
 0 0.383376
 0 0.420324
 0 0.404059
 0 0.379807
 0 0.466601
 0 0.41747
 0 0.345033
 0 0.358475
 0 0.388806
 0 0.407561
 0 0.41099
 0 0.340315
 0 0.39344
 0 0.451967
 0 0.331757
 0 0.454242
 0 0.443882
 0 0.413312
 0 0.354059
 0 0.386482
 0 0.414393
 0 0.395603
 0 0.439711
 0 0.364396
 0 0.352384
 0 0.389812
 0 0.462218
 0 0.460826
 0 0.346572
 0 0.417101
 0 0.35614
 0 0.399072
 0 0.363971
 0 0.382749
 0 0.359677
 0 0.429515
 0 0.420919
 0 0.442848
 0 0.32602
 0 0.391404
 0 0.357054
 0 0.394901
 0 0.405487
 0 0.411102
 0 0.430848
 0 0.361719
 0 0.41106
 0 0.438192
 0 0.353448
 0 0.383946
 0 0.344832
 0 0.367883
 0 0.384412
 0 0.290482
 0 0.396233
 0 0.385767
 0 0.410788
 0 0.41234
 0 0.418418
 0 0.428106
 0 0.332377
 0 0.410499
 0 0.358623
 0 0.392236
 0 0.377306
 0 0.391429
 0 0.400742
 0 0.385239
 0 0.418281
 0 0.349118
 0 0.369356
 0 0.41329
 0 0.390028
 0 0.321607
 0 0.427645
 0 0.340509
 0 0.337184
 0 0.494375
 0 0.363496
 0 0.368823
 0 0.412256
 0 0.353908
 0 0.379368
 0 0.397936
 0 0.301049
 0 0.388497
 0 0.381126
 0 0.42789
 0 0.423873
 0 0.352195
 0 0.337672
 0 0.334662
 0 0.391974
 0 0.370718
 0 0.367797
 0 0.416451
 0 0.394589
 0 0.398474
 0 0.414309
 0 0.342901
 0 0.343407
 0 0.428749
 0 0.375659
 0 0.311288
 0 0.382239
 0 0.46506
 0 0.344896
 0 0.346221
 0 0.405517
 0 0.361447
 0 0.341304
 0 0.420984
 0 0.369029
 0 0.384603
 0 0.361829
 0 0.460983
 0 0.3704
 0 0.395603
 0 0.415362
 0 0.343495
 0 0.400831
 0 0.393478
 0 0.408197
 0 0.344929
 0 0.382924
 0 0.336904
 0 0.422711
 0 0.441275
 0 0.413951
 0 0.334595
 0 0.377231
 0 0.342941
 0 0.391242
 0 0.333926
 0 0.369251
 0 0.412054
 0 0.294155
 0 0.41811
 0 0.393397
 0 0.43772
 0 0.369911
 0 0.3537
 0 0.369277
 0 0.314246
 0 0.374762
 0 0.40021
 0 0.420561
 0 0.402163
 0 0.366608
 0 0.379944
 0 0.444514
 0 0.402426
 0 0.417601
 0 0.348308
 0 0.407259
 0 0.414275
 0 0.3522
 0 0.434473
