553 1 0 0 1
 0 0.381502
 0 0.436728
 0 0.461812
 0 0.34366
 0 0.424262
 0 0.349326
 0 0.485278
 0 0.362959
 0 0.331147
 0 0.37544
 0 0.345258
 0 0.471084
 0 0.382405
 0 0.372718
 0 0.372704
 0 0.329433
 0 0.404735
 0 0.456079
 0 0.392456
 0 0.479647
 0 0.283043
 0 0.43939
 0 0.398664
 0 0.333794
 0 0.492045
 0 0.297545
 0 0.370253
 0 0.299123
 0 0.321744
 0 0.41514
 0 0.41346
 0 0.350331
 0 0.383514
 0 0.498665
 0 0.336605
 0 0.331481
 0 0.438025
 0 0.43805
 0 0.335555
 0 0.373532
 0 0.376516
 0 0.368966
 0 0.314291
 0 0.343505
 0 0.352942
 0 0.399475
 0 0.404282
 0 0.342585
 0 0.328244
 0 0.306061
 0 0.406469
 0 0.347893
 0 0.365697
 0 0.398383
 0 0.429861
 0 0.39837
 0 0.37813
 0 0.325408
 0 0.336667
 0 0.4462
 0 0.413711
 0 0.39195
 0 0.309372
 0 0.355009
 0 0.428741
 0 0.45767
 0 0.323114
 0 0.237612
 0 0.321144
 0 0.407686
 0 0.373809
 0 0.443332
 0 0.397718
 0 0.29288
 0 0.31581
 0 0.412705
 0 0.455981
 0 0.392713
 0 0.43158
 0 0.473373
 0 0.374914
 0 0.376582
 0 0.512288
 0 0.391128
 0 0.345842
 0 0.459549
 0 0.37864
 0 0.302175
 0 0.300172
 0 0.269551
 0 0.408603
 0 0.448985
 0 0.41589
 0 0.421724
 0 0.340029
 0 0.345912
 0 0.33606
 0 0.434926
 0 0.426494
 0 0.409982
 0 0.382221
 0 0.272595
 0 0.422236
 0 0.305483
 0 0.314385
 0 0.387208
 0 0.38154
 0 0.395692
 0 0.415709
 0 0.333843
 0 0.307164
 0 0.418076
 0 0.34448
 0 0.341037
 0 0.400314
 0 0.416017
 0 0.363331
 0 0.30107
 0 0.315854
 0 0.364686
 0 0.414259
 0 0.318536
 0 0.382845
 0 0.416297
 0 0.311495
 0 0.310404
 0 0.367116
 0 0.454135
 0 0.350536
 0 0.422013
 0 0.355376
 0 0.365471
 0 0.328752
 0 0.300335
 0 0.386023
 0 0.260438
 0 0.416653
 0 0.365286
 0 0.334517
 0 0.392577
 0 0.407657
 0 0.325312
 0 0.42232
 0 0.319561
 0 0.394369
 0 0.456005
 0 0.39493
 0 0.290894
 0 0.306118
 0 0.451115
 0 0.406916
 0 0.444217
 0 0.377187
 0 0.343562
 0 0.298549
 0 0.414964
 0 0.358632
 0 0.38482
 0 0.354955
 0 0.36903
 0 0.412371
 0 0.342709
 0 0.298205
 0 0.396124
 0 0.339079
 0 0.170021
 0 0.33907
 0 0.458082
 0 0.358932
 0 0.396811
 0 0.388288
 0 0.312516
 0 0.428203
 0 0.347992
 0 0.308361
 0 0.305024
 0 0.410885
 0 0.352297
 0 0.281754
 0 0.388218
 0 0.333443
 0 0.428963
 0 0.394682
 0 0.3437
 0 0.313642
 0 0.373953
 0 0.385695
 0 0.426656
 0 0.407066
 0 0.458597
 0 0.385272
 0 0.351511
 0 0.410377
 0 0.341301
 0 0.453214
 0 0.349859
 0 0.338765
 0 0.317923
 0 0.297284
 0 0.475167
 0 0.293808
 0 0.43238
 0 0.387768
 0 0.39125
 0 0.391263
 0 0.324258
 0 0.252016
 0 0.411726
 0 0.424211
 0 0.352743
 0 0.299446
 0 0.368727
 0 0.229417
 0 0.33021
 0 0.414051
 0 0.442531
 0 0.478293
 0 0.34662
 0 0.368169
 0 0.386166
 0 0.269581
 0 0.309059
 0 0.388789
 0 0.373218
 0 0.386931
 0 0.395361
 0 0.298866
 0 0.323934
 0 0.345683
 0 0.341904
 0 0.38609
 0 0.477337
 0 0.401137
 0 0.446815
 0 0.342387
 0 0.360322
 0 0.327265
 0 0.363997
 0 0.487483
 0 0.393736
 0 0.417554
 0 0.350016
 0 0.372565
 0 0.327112
 0 0.361068
 0 0.396535
 0 0.420259
 0 0.315926
 0 0.355313
 0 0.406155
 0 0.362856
 0 0.424227
 0 0.349733
 0 0.343966
 0 0.367073
 0 0.332255
 0 0.411959
 0 0.323308
 0 0.447698
 0 0.429
 0 0.347777
 0 0.360125
 0 0.354536
 0 0.356064
 0 0.41856
 0 0.351339
 0 0.470822
 0 0.406162
 0 0.4543
 0 0.437792
 0 0.343638
 0 0.332035
 0 0.387955
 0 0.302965
 0 0.405596
 0 0.388707
 0 0.439402
 0 0.312358
 0 0.444873
 0 0.404941
 0 0.350324
 0 0.3276
 0 0.3965
 0 0.343436
 0 0.33292
 0 0.517513
 0 0.363342
 0 0.291518
 0 0.346986
 0 0.354729
 0 0.415828
 0 0.353606
 0 0.381727
 0 0.367589
 0 0.296891
 0 0.403686
 0 0.346839
 0 0.391718
 0 0.403411
 0 0.332096
 0 0.367935
 0 0.306491
 0 0.372636
 0 0.419831
 0 0.32053
 0 0.280742
 0 0.405248
 0 0.33181
 0 0.419685
 0 0.362537
 0 0.357495
 0 0.348247
 0 0.518856
 0 0.35621
 0 0.329138
 0 0.313901
 0 0.439106
 0 0.46471
 0 0.454127
 0 0.370564
 0 0.339482
 0 0.412687
 0 0.408664
 0 0.400012
 0 0.437546
 0 0.38792
 0 0.265185
 0 0.49966
 0 0.267781
 0 0.378566
 0 0.378273
 0 0.165598
 0 0.490848
 0 0.41727
 0 0.413581
 0 0.431545
 0 0.399479
 0 0.325219
 0 0.413967
 0 0.435423
 0 0.468451
 0 0.265476
 0 0.358868
 0 0.403166
 0 0.310174
 0 0.367739
 0 0.364083
 0 0.331104
 0 0.413746
 0 0.459888
 0 0.32704
 0 0.375215
 0 0.342517
 0 0.432019
 0 0.510285
 0 0.375621
 0 0.42535
 0 0.328411
 0 0.402291
 0 0.339881
 0 0.341223
 0 0.353473
 0 0.426812
 0 0.360298
 0 0.329041
 0 0.29796
 0 0.452158
 0 0.457398
 0 0.364343
 0 0.395523
 0 0.401876
 0 0.410598
 0 0.332881
 0 0.259586
 0 0.387013
 0 0.335195
 0 0.286985
 0 0.340553
 0 0.350414
 0 0.43385
 0 0.372149
 0 0.391111
 0 0.440789
 0 0.392283
 0 0.417602
 0 0.422274
 0 0.353836
 0 0.412544
 0 0.417485
 0 0.364578
 0 0.387528
 0 0.32726
 0 0.485429
 0 0.405784
 0 0.313326
 0 0.395911
 0 0.290447
 0 0.493472
 0 0.393065
 0 0.414586
 0 0.347908
 0 0.319116
 0 0.448004
 0 0.413909
 0 0.389502
 0 0.378228
 0 0.390389
 0 0.486933
 0 0.378133
 0 0.382935
 0 0.291783
 0 0.306951
 0 0.383486
 0 0.322254
 0 0.389438
 0 0.320924
 0 0.383343
 0 0.391509
 0 0.397239
 0 0.435526
 0 0.36961
 0 0.329037
 0 0.378244
 0 0.420339
 0 0.376177
 0 0.352605
 0 0.396547
 0 0.339213
 0 0.460538
 0 0.384383
 0 0.375632
 0 0.414712
 0 0.372652
 0 0.330832
 0 0.402534
 0 0.44163
 0 0.328817
 0 0.398794
 0 0.371009
 0 0.337289
 0 0.368314
 0 0.374388
 0 0.438808
 0 0.399441
 0 0.340787
 0 0.29929
 0 0.428146
 0 0.357744
 0 0.269683
 0 0.329185
 0 0.32382
 0 0.309269
 0 0.390801
 0 0.439773
 0 0.347196
 0 0.467208
 0 0.317056
 0 0.456208
 0 0.445788
 0 0.352272
 0 0.347994
 0 0.284074
 0 0.371209
 0 0.287909
 0 0.344931
 0 0.240894
 0 0.408677
 0 0.372883
 0 0.409256
 0 0.397758
 0 0.425317
 0 0.357381
 0 0.264293
 0 0.266418
 0 0.360622
 0 0.332928
 0 0.398629
 0 0.480293
 0 0.251644
 0 0.389732
 0 0.374138
 0 0.370788
 0 0.438941
 0 0.425189
 0 0.398124
 0 0.332475
 0 0.457843
 0 0.324645
 0 0.410887
 0 0.319969
 0 0.324105
 0 0.40067
 0 0.409502
 0 0.371303
 0 0.320189
 0 0.199004
 0 0.292937
 0 0.374078
 0 0.414779
 0 0.542938
 0 0.36766
 0 0.286403
 0 0.403707
 0 0.325904
 0 0.363594
 0 0.393659
 0 0.281461
 0 0.35285
 0 0.43926
 0 0.380804
 0 0.369345
 0 0.355374
 0 0.405996
 0 0.346897
 0 0.293523
 0 0.361455
 0 0.406351
 0 0.370966
 0 0.450018
 0 0.390424
 0 0.340259
 0 0.312013
 0 0.457077
 0 0.390781
 0 0.322369
 0 0.336878
 0 0.386749
 0 0.389976
 0 0.274987
 0 0.47629
 0 0.332101
 0 0.347667
 0 0.357716
 0 0.333244
 0 0.447268
 0 0.318746
 0 0.368419
 0 0.345077
 0 0.344212
 0 0.417677
 0 0.444542
 0 0.387288
 0 0.410315
 0 0.396075
 0 0.35469
 0 0.345966
 0 0.436487
 0 0.33125
 0 0.370339
 0 0.415895
 0 0.351576
 0 0.325555
 0 0.399015
