553 1 0 0 1
 0 0.345112
 0 0.354161
 0 0.360636
 0 0.341615
 0 0.35732
 0 0.348546
 0 0.38483
 0 0.361502
 0 0.360575
 0 0.372586
 0 0.373327
 0 0.369045
 0 0.350384
 0 0.368198
 0 0.326104
 0 0.361999
 0 0.347263
 0 0.360288
 0 0.383485
 0 0.362785
 0 0.390157
 0 0.363048
 0 0.369017
 0 0.342267
 0 0.374207
 0 0.360268
 0 0.351449
 0 0.363189
 0 0.354114
 0 0.351006
 0 0.361629
 0 0.352598
 0 0.343754
 0 0.399516
 0 0.369151
 0 0.373917
 0 0.363054
 0 0.352218
 0 0.362477
 0 0.364684
 0 0.343939
 0 0.362407
 0 0.354202
 0 0.345517
 0 0.364029
 0 0.348033
 0 0.375982
 0 0.345151
 0 0.357298
 0 0.3441
 0 0.363319
 0 0.351774
 0 0.362402
 0 0.359182
 0 0.342116
 0 0.348367
 0 0.371207
 0 0.364434
 0 0.378771
 0 0.383085
 0 0.360733
 0 0.366439
 0 0.364523
 0 0.371537
 0 0.379164
 0 0.362723
 0 0.346541
 0 0.319141
 0 0.370348
 0 0.359189
 0 0.392338
 0 0.378764
 0 0.360245
 0 0.347899
 0 0.354793
 0 0.354823
 0 0.342644
 0 0.362636
 0 0.375427
 0 0.371584
 0 0.360581
 0 0.366971
 0 0.376012
 0 0.383045
 0 0.333246
 0 0.35307
 0 0.359452
 0 0.336927
 0 0.355252
 0 0.347373
 0 0.349913
 0 0.348754
 0 0.37018
 0 0.377807
 0 0.357684
 0 0.35829
 0 0.321179
 0 0.35005
 0 0.351384
 0 0.361132
 0 0.371998
 0 0.368033
 0 0.34787
 0 0.354404
 0 0.336255
 0 0.370009
 0 0.344534
 0 0.357104
 0 0.34412
 0 0.374943
 0 0.356648
 0 0.34633
 0 0.350844
 0 0.333178
 0 0.348223
 0 0.331927
 0 0.342646
 0 0.363343
 0 0.366951
 0 0.339618
 0 0.333409
 0 0.34703
 0 0.354062
 0 0.34959
 0 0.351256
 0 0.355859
 0 0.379253
 0 0.360169
 0 0.348165
 0 0.37083
 0 0.346352
 0 0.36372
 0 0.349887
 0 0.34624
 0 0.32504
 0 0.312113
 0 0.388719
 0 0.353559
 0 0.360099
 0 0.376205
 0 0.355631
 0 0.380762
 0 0.351514
 0 0.358283
 0 0.370999
 0 0.362336
 0 0.3365
 0 0.346799
 0 0.335888
 0 0.357013
 0 0.352458
 0 0.364127
 0 0.371129
 0 0.333704
 0 0.358366
 0 0.349214
 0 0.367828
 0 0.354052
 0 0.327047
 0 0.358953
 0 0.361195
 0 0.352886
 0 0.339587
 0 0.349523
 0 0.369498
 0 0.352516
 0 0.338811
 0 0.373155
 0 0.358294
 0 0.359876
 0 0.362053
 0 0.341441
 0 0.388208
 0 0.348485
 0 0.333284
 0 0.33463
 0 0.355538
 0 0.361834
 0 0.387866
 0 0.371257
 0 0.342143
 0 0.362092
 0 0.344073
 0 0.335079
 0 0.350781
 0 0.377814
 0 0.324491
 0 0.3669
 0 0.329549
 0 0.377012
 0 0.366039
 0 0.373272
 0 0.354953
 0 0.360477
 0 0.348836
 0 0.316832
 0 0.342452
 0 0.375176
 0 0.33277
 0 0.372006
 0 0.348508
 0 0.370784
 0 0.347707
 0 0.333298
 0 0.357544
 0 0.323571
 0 0.347625
 0 0.357607
 0 0.320441
 0 0.357635
 0 0.347941
 0 0.375261
 0 0.335184
 0 0.356304
 0 0.3726
 0 0.326187
 0 0.346723
 0 0.347856
 0 0.346428
 0 0.358769
 0 0.369091
 0 0.364263
 0 0.367352
 0 0.347339
 0 0.348108
 0 0.39084
 0 0.359375
 0 0.363277
 0 0.359271
 0 0.344106
 0 0.370269
 0 0.354275
 0 0.373555
 0 0.343361
 0 0.376334
 0 0.364496
 0 0.353113
 0 0.37816
 0 0.363065
 0 0.351439
 0 0.354935
 0 0.372081
 0 0.351799
 0 0.345282
 0 0.378802
 0 0.367302
 0 0.348726
 0 0.373372
 0 0.382077
 0 0.356925
 0 0.353453
 0 0.347696
 0 0.339966
 0 0.340496
 0 0.360159
 0 0.363947
 0 0.371344
 0 0.35478
 0 0.34957
 0 0.361509
 0 0.36252
 0 0.371253
 0 0.348505
 0 0.349813
 0 0.332278
 0 0.345999
 0 0.375024
 0 0.361132
 0 0.364451
 0 0.37841
 0 0.363791
 0 0.371856
 0 0.367075
 0 0.354853
 0 0.339721
 0 0.386354
 0 0.34241
 0 0.344877
 0 0.370558
 0 0.352992
 0 0.355477
 0 0.361994
 0 0.363826
 0 0.355375
 0 0.351482
 0 0.347502
 0 0.37322
 0 0.342913
 0 0.351342
 0 0.350295
 0 0.347557
 0 0.389054
 0 0.359686
 0 0.355569
 0 0.371328
 0 0.363753
 0 0.370737
 0 0.376192
 0 0.368491
 0 0.344536
 0 0.361939
 0 0.353659
 0 0.34592
 0 0.34576
 0 0.350911
 0 0.327032
 0 0.361846
 0 0.349341
 0 0.334943
 0 0.358146
 0 0.391598
 0 0.369395
 0 0.365531
 0 0.371534
 0 0.350879
 0 0.362528
 0 0.361938
 0 0.359737
 0 0.370206
 0 0.357365
 0 0.363513
 0 0.330697
 0 0.351555
 0 0.359665
 0 0.359764
 0 0.386677
 0 0.387439
 0 0.38369
 0 0.363745
 0 0.371143
 0 0.397284
 0 0.375756
 0 0.36769
 0 0.372103
 0 0.357028
 0 0.352182
 0 0.367941
 0 0.3644
 0 0.374947
 0 0.380317
 0 0.356552
 0 0.374356
 0 0.375528
 0 0.36722
 0 0.373531
 0 0.371094
 0 0.373862
 0 0.360747
 0 0.364738
 0 0.350554
 0 0.360318
 0 0.351606
 0 0.359185
 0 0.362317
 0 0.357448
 0 0.37061
 0 0.366193
 0 0.392948
 0 0.349184
 0 0.361556
 0 0.35848
 0 0.362596
 0 0.376249
 0 0.373489
 0 0.360087
 0 0.338399
 0 0.353876
 0 0.36692
 0 0.368582
 0 0.393547
 0 0.363798
 0 0.345635
 0 0.358351
 0 0.354888
 0 0.355723
 0 0.354304
 0 0.344461
 0 0.371279
 0 0.360265
 0 0.359564
 0 0.362358
 0 0.366117
 0 0.360367
 0 0.34164
 0 0.356577
 0 0.36186
 0 0.364605
 0 0.357385
 0 0.382824
 0 0.358002
 0 0.370008
 0 0.351748
 0 0.350726
 0 0.363789
 0 0.322958
 0 0.359143
 0 0.385181
 0 0.381974
 0 0.334766
 0 0.351629
 0 0.380197
 0 0.363098
 0 0.378866
 0 0.394195
 0 0.338271
 0 0.368179
 0 0.359313
 0 0.348308
 0 0.367915
 0 0.365247
 0 0.348319
 0 0.342602
 0 0.371039
 0 0.346205
 0 0.343685
 0 0.335389
 0 0.358184
 0 0.353404
 0 0.389231
 0 0.363871
 0 0.37536
 0 0.359541
 0 0.348138
 0 0.368319
 0 0.360621
 0 0.337647
 0 0.348417
 0 0.357518
 0 0.379836
 0 0.351682
 0 0.349126
 0 0.338715
 0 0.368143
 0 0.372457
 0 0.351006
 0 0.364599
 0 0.331554
 0 0.357535
 0 0.351623
 0 0.385701
 0 0.35913
 0 0.358503
 0 0.367241
 0 0.357454
 0 0.35908
 0 0.325391
 0 0.337236
 0 0.354204
 0 0.359789
 0 0.35386
 0 0.34683
 0 0.37577
 0 0.349011
 0 0.368847
 0 0.355863
 0 0.383888
 0 0.345366
 0 0.344122
 0 0.34962
 0 0.349189
 0 0.382966
 0 0.349708
 0 0.360843
 0 0.369768
 0 0.353961
 0 0.350924
 0 0.365847
 0 0.369775
 0 0.351428
 0 0.364107
 0 0.357367
 0 0.358466
 0 0.353553
 0 0.338671
 0 0.370202
 0 0.351705
 0 0.392913
 0 0.361567
 0 0.375103
 0 0.355485
 0 0.367308
 0 0.369093
 0 0.339742
 0 0.343627
 0 0.363738
 0 0.35137
 0 0.377685
 0 0.373493
 0 0.350975
 0 0.368829
 0 0.378381
 0 0.357635
 0 0.349829
 0 0.376668
 0 0.343727
 0 0.361838
 0 0.379841
 0 0.35553
 0 0.372507
 0 0.366874
 0 0.355045
 0 0.359987
 0 0.379391
 0 0.3656
 0 0.342924
 0 0.360898
 0 0.377073
 0 0.38553
 0 0.366262
 0 0.365566
 0 0.375319
 0 0.361581
 0 0.358502
 0 0.361514
 0 0.334075
 0 0.347556
 0 0.355148
 0 0.35588
 0 0.36789
 0 0.362289
 0 0.335516
 0 0.353916
 0 0.341335
 0 0.348372
 0 0.354073
 0 0.343741
 0 0.340733
 0 0.375751
 0 0.35358
 0 0.357901
 0 0.320555
 0 0.347729
 0 0.340872
 0 0.325048
 0 0.355425
 0 0.356855
 0 0.380491
 0 0.346811
 0 0.3545
 0 0.337348
 0 0.365964
 0 0.364694
 0 0.363143
 0 0.3748
 0 0.359536
 0 0.364477
 0 0.367115
 0 0.35637
 0 0.350913
 0 0.361377
 0 0.369729
 0 0.343161
 0 0.363952
