603 1 0 0 1
 0 0.427617
 0 0.465934
 0 0.428947
 0 0.426474
 0 0.442873
 0 0.500161
 0 0.550801
 0 0.401688
 0 0.427408
 0 0.402776
 0 0.529064
 0 0.452319
 0 0.375416
 0 0.487757
 0 0.46053
 0 0.405127
 0 0.293653
 0 0.433941
 0 0.403393
 0 0.492566
 0 0.399289
 0 0.392573
 0 0.364283
 0 0.400907
 0 0.430209
 0 0.327493
 0 0.29011
 0 0.395296
 0 0.442293
 0 0.393501
 0 0.406509
 0 0.414697
 0 0.428614
 0 0.289871
 0 0.428728
 0 0.413048
 0 0.414934
 0 0.453268
 0 0.410736
 0 0.400793
 0 0.406887
 0 0.492889
 0 0.38668
 0 0.401315
 0 0.413
 0 0.325423
 0 0.384564
 0 0.343746
 0 0.41198
 0 0.36981
 0 0.417768
 0 0.454073
 0 0.356614
 0 0.463156
 0 0.58294
 0 0.38081
 0 0.427037
 0 0.417071
 0 0.414827
 0 0.34049
 0 0.432007
 0 0.475543
 0 0.467763
 0 0.493235
 0 0.355234
 0 0.363871
 0 0.497599
 0 0.350839
 0 0.498065
 0 0.443636
 0 0.515034
 0 0.456122
 0 0.419045
 0 0.423688
 0 0.484993
 0 0.433549
 0 0.448131
 0 0.408056
 0 0.488351
 0 0.441235
 0 0.32749
 0 0.513994
 0 0.421281
 0 0.448313
 0 0.297125
 0 0.460621
 0 0.473113
 0 0.352171
 0 0.345349
 0 0.395912
 0 0.417835
 0 0.404526
 0 0.351843
 0 0.431246
 0 0.41461
 0 0.445175
 0 0.399782
 0 0.433663
 0 0.46806
 0 0.408076
 0 0.470231
 0 0.479745
 0 0.420396
 0 0.378839
 0 0.517911
 0 0.487731
 0 0.380514
 0 0.416613
 0 0.337514
 0 0.367648
 0 0.487969
 0 0.235784
 0 0.356372
 0 0.451974
 0 0.334754
 0 0.42988
 0 0.39367
 0 0.488023
 0 0.429369
 0 0.40728
 0 0.418049
 0 0.425963
 0 0.412906
 0 0.422631
 0 0.399921
 0 0.398619
 0 0.474821
 0 0.390243
 0 0.370441
 0 0.380575
 0 0.451567
 0 0.33301
 0 0.454078
 0 0.409009
 0 0.373265
 0 0.441283
 0 0.421043
 0 0.470875
 0 0.391316
 0 0.386776
 0 0.384196
 0 0.350379
 0 0.292546
 0 0.439997
 0 0.48082
 0 0.430775
 0 0.354318
 0 0.397568
 0 0.491141
 0 0.487166
 0 0.502031
 0 0.409671
 0 0.257868
 0 0.392288
 0 0.41598
 0 0.459455
 0 0.429061
 0 0.48186
 0 0.393737
 0 0.347886
 0 0.536667
 0 0.398746
 0 0.378293
 0 0.364292
 0 0.423761
 0 0.422047
 0 0.362329
 0 0.294282
 0 0.48025
 0 0.38131
 0 0.425802
 0 0.404583
 0 0.413171
 0 0.46925
 0 0.351274
 0 0.363034
 0 0.414273
 0 0.36715
 0 0.357818
 0 0.305761
 0 0.307888
 0 0.455331
 0 0.460396
 0 0.415898
 0 0.430945
 0 0.371232
 0 0.314667
 0 0.403429
 0 0.378951
 0 0.42263
 0 0.422387
 0 0.468825
 0 0.35831
 0 0.296212
 0 0.367225
 0 0.443372
 0 0.430027
 0 0.326143
 0 0.368609
 0 0.41307
 0 0.399081
 0 0.453643
 0 0.419305
 0 0.341341
 0 0.371966
 0 0.352026
 0 0.394971
 0 0.425212
 0 0.459933
 0 0.398086
 0 0.358559
 0 0.387098
 0 0.358351
 0 0.41808
 0 0.370941
 0 0.448818
 0 0.40054
 0 0.453455
 0 0.478677
 0 0.38639
 0 0.37112
 0 0.38786
 0 0.509514
 0 0.393145
 0 0.472437
 0 0.464352
 0 0.413314
 0 0.452564
 0 0.379855
 0 0.464614
 0 0.258567
 0 0.417706
 0 0.399314
 0 0.41575
 0 0.341518
 0 0.359037
 0 0.396144
 0 0.34265
 0 0.349813
 0 0.391639
 0 0.472286
 0 0.516355
 0 0.457663
 0 0.41428
 0 0.367126
 0 0.52503
 0 0.467889
 0 0.372131
 0 0.344178
 0 0.363538
 0 0.351295
 0 0.485194
 0 0.464376
 0 0.370992
 0 0.352665
 0 0.472945
 0 0.350577
 0 0.353386
 0 0.433084
 0 0.403103
 0 0.514625
 0 0.371985
 0 0.430549
 0 0.381574
 0 0.351576
 0 0.400446
 0 0.40089
 0 0.44552
 0 0.333161
 0 0.505063
 0 0.463866
 0 0.421015
 0 0.359127
 0 0.386241
 0 0.452797
 0 0.472772
 0 0.486082
 0 0.416624
 0 0.388824
 0 0.415968
 0 0.462869
 0 0.442649
 0 0.264853
 0 0.390282
 0 0.416277
 0 0.429481
 0 0.483796
 0 0.348638
 0 0.336575
 0 0.424439
 0 0.475431
 0 0.478592
 0 0.396549
 0 0.423718
 0 0.455563
 0 0.366593
 0 0.347709
 0 0.432885
 0 0.406742
 0 0.10477
 0 0.438328
 0 0.48798
 0 0.45359
 0 0.408975
 0 0.408228
 0 0.370421
 0 0.505455
 0 0.388444
 0 0.414583
 0 0.45871
 0 0.437204
 0 0.435646
 0 0.386513
 0 0.439666
 0 0.409496
 0 0.46135
 0 0.536395
 0 0.412374
 0 0.510757
 0 0.453355
 0 0.400961
 0 0.367992
 0 0.376707
 0 0.431798
 0 0.391724
 0 0.423406
 0 0.474301
 0 0.339885
 0 0.434627
 0 0.412972
 0 0.344729
 0 0.43719
 0 0.466986
 0 0.331375
 0 0.365909
 0 0.401144
 0 0.447623
 0 0.393801
 0 0.416194
 0 0.419895
 0 0.430179
 0 0.392204
 0 0.447004
 0 0.417899
 0 0.43959
 0 0.445452
 0 0.446017
 0 0.494378
 0 0.342323
 0 0.344672
 0 0.378355
 0 0.263088
 0 0.474825
 0 0.334918
 0 0.465635
 0 0.400357
 0 0.446289
 0 0.424727
 0 0.375403
 0 0.40027
 0 0.389422
 0 0.47823
 0 0.360569
 0 0.429515
 0 0.393348
 0 0.408245
 0 0.407363
 0 0.422317
 0 0.442112
 0 0.528658
 0 0.452265
 0 0.462144
 0 0.389388
 0 0.449317
 0 0.443997
 0 0.382268
 0 0.359337
 0 0.500242
 0 0.373453
 0 0.477992
 0 0.422367
 0 0.386426
 0 0.359965
 0 0.323015
 0 0.393448
 0 0.401918
 0 0.444487
 0 0.452055
 0 0.374497
 0 0.431153
 0 0.389338
 0 0.247275
 0 0.407005
 0 0.413851
 0 0.43994
 0 0.397954
 0 0.424694
 0 0.415081
 0 0.452429
 0 0.331012
 0 0.42962
 0 0.377659
 0 0.452951
 0 0.432314
 0 0.395845
 0 0.441676
 0 0.499368
 0 0.466502
 0 0.442642
 0 0.384239
 0 0.41761
 0 0.399042
 0 0.385947
 0 0.329376
 0 0.408287
 0 0.289655
 0 0.395733
 0 0.342758
 0 0.491849
 0 0.397295
 0 0.327338
 0 0.408405
 0 0.385759
 0 0.370132
 0 0.466949
 0 0.462109
 0 0.35142
 0 0.386799
 0 0.457561
 0 0.459562
 0 0.419304
 0 0.422918
 0 0.43306
 0 0.42616
 0 0.435385
 0 0.412268
 0 0.244915
 0 0.486702
 0 0.34216
 0 0.371413
 0 0.439335
 0 0.323239
 0 0.438898
 0 0.395847
 0 0.348757
 0 0.379
 0 0.491721
 0 0.482987
 0 0.371998
 0 0.447155
 0 0.447744
 0 0.394154
 0 0.434622
 0 0.42228
 0 0.501067
 0 0.449122
 0 0.355979
 0 0.46412
 0 0.441857
 0 0.334074
 0 0.512408
 0 0.526361
 0 0.484329
 0 0.356883
 0 0.411504
 0 0.472581
 0 0.487106
 0 0.436211
 0 0.392998
 0 0.429577
 0 0.442173
 0 0.462457
 0 0.467841
 0 0.355226
 0 0.450701
 0 0.428807
 0 0.428083
 0 0.294207
 0 0.380909
 0 0.334756
 0 0.536426
 0 0.40512
 0 0.467977
 0 0.436928
 0 0.407396
 0 0.417465
 0 0.473256
 0 0.488731
 0 0.41576
 0 0.426929
 0 0.39918
 0 0.448755
 0 0.439941
 0 0.364428
 0 0.368222
 0 0.377857
 0 0.42418
 0 0.415748
 0 0.288008
 0 0.520196
 0 0.32164
 0 0.413398
 0 0.410643
 0 0.47316
 0 0.472096
 0 0.353198
 0 0.401375
 0 0.343855
 0 0.374018
 0 0.363529
 0 0.40727
 0 0.404404
 0 0.473979
 0 0.417063
 0 0.376469
 0 0.37944
 0 0.506258
 0 0.469682
 0 0.314258
 0 0.412955
 0 0.334469
 0 0.362274
 0 0.510884
 0 0.341244
 0 0.402715
 0 0.452048
 0 0.401329
 0 0.369463
 0 0.475728
 0 0.377908
 0 0.438258
 0 0.342821
 0 0.417333
 0 0.470845
 0 0.411903
 0 0.368636
 0 0.316046
 0 0.455138
 0 0.389579
 0 0.395826
 0 0.452098
 0 0.438913
 0 0.407667
 0 0.391045
 0 0.280009
 0 0.358164
 0 0.461791
 0 0.410192
 0 0.246755
 0 0.403115
 0 0.439167
 0 0.326077
 0 0.362372
 0 0.430754
 0 0.375262
 0 0.357488
 0 0.456568
 0 0.409556
 0 0.344869
 0 0.347648
 0 0.521189
 0 0.43057
 0 0.426303
 0 0.468059
 0 0.404734
 0 0.426356
 0 0.397675
 0 0.456373
 0 0.295099
 0 0.428666
 0 0.379541
 0 0.522326
 0 0.462145
 0 0.39635
 0 0.318952
 0 0.392683
 0 0.335216
 0 0.420307
 0 0.32318
 0 0.361452
 0 0.471401
 0 0.35229
 0 0.429883
 0 0.382786
 0 0.49306
 0 0.395061
 0 0.377439
 0 0.417217
 0 0.314582
 0 0.346392
 0 0.402927
 0 0.448066
 0 0.373709
 0 0.410672
 0 0.37544
 0 0.455674
 0 0.379075
 0 0.441028
 0 0.360335
 0 0.365519
 0 0.440654
 0 0.35433
 0 0.482363
