553 1 0 0 1
 0 0.314176
 0 0.320172
 0 0.320078
 0 0.289936
 0 0.332932
 0 0.315685
 0 0.35795
 0 0.331155
 0 0.333226
 0 0.344922
 0 0.357582
 0 0.360463
 0 0.302597
 0 0.338392
 0 0.276078
 0 0.300818
 0 0.318182
 0 0.330578
 0 0.348725
 0 0.326141
 0 0.35475
 0 0.332052
 0 0.341091
 0 0.315324
 0 0.350711
 0 0.333763
 0 0.305795
 0 0.32698
 0 0.322221
 0 0.318643
 0 0.354806
 0 0.323374
 0 0.317451
 0 0.364576
 0 0.336061
 0 0.354865
 0 0.342689
 0 0.311195
 0 0.323177
 0 0.315641
 0 0.300242
 0 0.347785
 0 0.325202
 0 0.320171
 0 0.32326
 0 0.313271
 0 0.33705
 0 0.303426
 0 0.313983
 0 0.335967
 0 0.324352
 0 0.326136
 0 0.321777
 0 0.333224
 0 0.310044
 0 0.319622
 0 0.367595
 0 0.332255
 0 0.316383
 0 0.356289
 0 0.321682
 0 0.327136
 0 0.328923
 0 0.339198
 0 0.330852
 0 0.328899
 0 0.321914
 0 0.284114
 0 0.326775
 0 0.33341
 0 0.371852
 0 0.331518
 0 0.324381
 0 0.292217
 0 0.315187
 0 0.325862
 0 0.327708
 0 0.345369
 0 0.350287
 0 0.338265
 0 0.335664
 0 0.334116
 0 0.342806
 0 0.372241
 0 0.308975
 0 0.307752
 0 0.329711
 0 0.30007
 0 0.326602
 0 0.307995
 0 0.337425
 0 0.308713
 0 0.343797
 0 0.340738
 0 0.311008
 0 0.32455
 0 0.268975
 0 0.328363
 0 0.320538
 0 0.330984
 0 0.336566
 0 0.328038
 0 0.320031
 0 0.31331
 0 0.32991
 0 0.343461
 0 0.321173
 0 0.315561
 0 0.335013
 0 0.344184
 0 0.324581
 0 0.317357
 0 0.295663
 0 0.306193
 0 0.319423
 0 0.316066
 0 0.294454
 0 0.326898
 0 0.337061
 0 0.301706
 0 0.316728
 0 0.30017
 0 0.316014
 0 0.309407
 0 0.300815
 0 0.326779
 0 0.360181
 0 0.336416
 0 0.339611
 0 0.328401
 0 0.33252
 0 0.321384
 0 0.323198
 0 0.317456
 0 0.311123
 0 0.279366
 0 0.356838
 0 0.317992
 0 0.307524
 0 0.33297
 0 0.302947
 0 0.354496
 0 0.315824
 0 0.316191
 0 0.341426
 0 0.328642
 0 0.304057
 0 0.315625
 0 0.294314
 0 0.321908
 0 0.310205
 0 0.348159
 0 0.328211
 0 0.294861
 0 0.299328
 0 0.330144
 0 0.337574
 0 0.327202
 0 0.296704
 0 0.333006
 0 0.298431
 0 0.321362
 0 0.295393
 0 0.299464
 0 0.351254
 0 0.299941
 0 0.301439
 0 0.339288
 0 0.298542
 0 0.328876
 0 0.316697
 0 0.309028
 0 0.355303
 0 0.314058
 0 0.299907
 0 0.312525
 0 0.339587
 0 0.317368
 0 0.353235
 0 0.358392
 0 0.324872
 0 0.312472
 0 0.310131
 0 0.302339
 0 0.301855
 0 0.333718
 0 0.302088
 0 0.318099
 0 0.329562
 0 0.340143
 0 0.338848
 0 0.341483
 0 0.322466
 0 0.325849
 0 0.330896
 0 0.272215
 0 0.31535
 0 0.335899
 0 0.302137
 0 0.344519
 0 0.320384
 0 0.353074
 0 0.331818
 0 0.302226
 0 0.354014
 0 0.299281
 0 0.305903
 0 0.317495
 0 0.304571
 0 0.322827
 0 0.322495
 0 0.330022
 0 0.301023
 0 0.323941
 0 0.358848
 0 0.28211
 0 0.326759
 0 0.306287
 0 0.302418
 0 0.319126
 0 0.344438
 0 0.316516
 0 0.310079
 0 0.31429
 0 0.301489
 0 0.380587
 0 0.321481
 0 0.343039
 0 0.32471
 0 0.318133
 0 0.328276
 0 0.308281
 0 0.354093
 0 0.332728
 0 0.337914
 0 0.327786
 0 0.313567
 0 0.332131
 0 0.339576
 0 0.305207
 0 0.317577
 0 0.337456
 0 0.299655
 0 0.336418
 0 0.334311
 0 0.333221
 0 0.314179
 0 0.32891
 0 0.348878
 0 0.322236
 0 0.297728
 0 0.32638
 0 0.289075
 0 0.299288
 0 0.313128
 0 0.329101
 0 0.316624
 0 0.316649
 0 0.315879
 0 0.327237
 0 0.324512
 0 0.340483
 0 0.311693
 0 0.326983
 0 0.292686
 0 0.308141
 0 0.317827
 0 0.339887
 0 0.320949
 0 0.3563
 0 0.340696
 0 0.32727
 0 0.329777
 0 0.317409
 0 0.314348
 0 0.353523
 0 0.302106
 0 0.304187
 0 0.323674
 0 0.29726
 0 0.329492
 0 0.339953
 0 0.339142
 0 0.346473
 0 0.312376
 0 0.323008
 0 0.338944
 0 0.318096
 0 0.309992
 0 0.306948
 0 0.309202
 0 0.340534
 0 0.335563
 0 0.318523
 0 0.336268
 0 0.347329
 0 0.342078
 0 0.333302
 0 0.349793
 0 0.295512
 0 0.334662
 0 0.309821
 0 0.326797
 0 0.315139
 0 0.310275
 0 0.307319
 0 0.335062
 0 0.322019
 0 0.326223
 0 0.323246
 0 0.361316
 0 0.327869
 0 0.337037
 0 0.32049
 0 0.312098
 0 0.325146
 0 0.334052
 0 0.320554
 0 0.35428
 0 0.32359
 0 0.325999
 0 0.287947
 0 0.338413
 0 0.367872
 0 0.326314
 0 0.350226
 0 0.358512
 0 0.352383
 0 0.325605
 0 0.340521
 0 0.357195
 0 0.319782
 0 0.34859
 0 0.343582
 0 0.324573
 0 0.320072
 0 0.322905
 0 0.329923
 0 0.336851
 0 0.338332
 0 0.343512
 0 0.329936
 0 0.352976
 0 0.336914
 0 0.336482
 0 0.335457
 0 0.352631
 0 0.320363
 0 0.320239
 0 0.326099
 0 0.351094
 0 0.305544
 0 0.334411
 0 0.338753
 0 0.342036
 0 0.334477
 0 0.340522
 0 0.350344
 0 0.340908
 0 0.33362
 0 0.316567
 0 0.332184
 0 0.346955
 0 0.324133
 0 0.322016
 0 0.30186
 0 0.326956
 0 0.321178
 0 0.331253
 0 0.363638
 0 0.334517
 0 0.307003
 0 0.332513
 0 0.320456
 0 0.324444
 0 0.317753
 0 0.316567
 0 0.342572
 0 0.334118
 0 0.32982
 0 0.340449
 0 0.331915
 0 0.333953
 0 0.319183
 0 0.319923
 0 0.312907
 0 0.332687
 0 0.338441
 0 0.344316
 0 0.330122
 0 0.338415
 0 0.327806
 0 0.320115
 0 0.331551
 0 0.271606
 0 0.33108
 0 0.352647
 0 0.353881
 0 0.293553
 0 0.307466
 0 0.354583
 0 0.342516
 0 0.351678
 0 0.378743
 0 0.303657
 0 0.338496
 0 0.320412
 0 0.328468
 0 0.331769
 0 0.334976
 0 0.299492
 0 0.309852
 0 0.331877
 0 0.297981
 0 0.305064
 0 0.319951
 0 0.338371
 0 0.310896
 0 0.360948
 0 0.321031
 0 0.335326
 0 0.337379
 0 0.333616
 0 0.348985
 0 0.340249
 0 0.32723
 0 0.317508
 0 0.327942
 0 0.344301
 0 0.318178
 0 0.315717
 0 0.30805
 0 0.319168
 0 0.326722
 0 0.326163
 0 0.343937
 0 0.29983
 0 0.319158
 0 0.323834
 0 0.342146
 0 0.331017
 0 0.322011
 0 0.329422
 0 0.329336
 0 0.327033
 0 0.287135
 0 0.302108
 0 0.327363
 0 0.318113
 0 0.336212
 0 0.303438
 0 0.345018
 0 0.318459
 0 0.334499
 0 0.330665
 0 0.351919
 0 0.305893
 0 0.337146
 0 0.33503
 0 0.310396
 0 0.352895
 0 0.316169
 0 0.325579
 0 0.318906
 0 0.306429
 0 0.320609
 0 0.294978
 0 0.337952
 0 0.326444
 0 0.342009
 0 0.31956
 0 0.338182
 0 0.302079
 0 0.302829
 0 0.340029
 0 0.298733
 0 0.352845
 0 0.318554
 0 0.339445
 0 0.316382
 0 0.320932
 0 0.337069
 0 0.311839
 0 0.298563
 0 0.323078
 0 0.317672
 0 0.340576
 0 0.355087
 0 0.318505
 0 0.329277
 0 0.350968
 0 0.317353
 0 0.324752
 0 0.3331
 0 0.326001
 0 0.313254
 0 0.332704
 0 0.339897
 0 0.347336
 0 0.32478
 0 0.307937
 0 0.334899
 0 0.341879
 0 0.342022
 0 0.321157
 0 0.333111
 0 0.34761
 0 0.33069
 0 0.34204
 0 0.333098
 0 0.347463
 0 0.308226
 0 0.310668
 0 0.343649
 0 0.275918
 0 0.318436
 0 0.332207
 0 0.33086
 0 0.321343
 0 0.325923
 0 0.302901
 0 0.32328
 0 0.317973
 0 0.321678
 0 0.336031
 0 0.295119
 0 0.323219
 0 0.334657
 0 0.308721
 0 0.347365
 0 0.275627
 0 0.309097
 0 0.312728
 0 0.291689
 0 0.326246
 0 0.329387
 0 0.339191
 0 0.320458
 0 0.305394
 0 0.313623
 0 0.337634
 0 0.338315
 0 0.345108
 0 0.343436
 0 0.327561
 0 0.337864
 0 0.333427
 0 0.33217
 0 0.322493
 0 0.325309
 0 0.322674
 0 0.3107
 0 0.335788
