553 1 0 0 1
 0 0.360289
 0 0.357529
 0 0.385062
 0 0.362271
 0 0.411237
 0 0.364662
 0 0.475579
 0 0.372543
 0 0.339592
 0 0.322065
 0 0.306602
 0 0.36726
 0 0.335721
 0 0.384951
 0 0.359054
 0 0.407843
 0 0.328922
 0 0.44326
 0 0.416807
 0 0.356209
 0 0.383773
 0 0.332422
 0 0.372496
 0 0.29762
 0 0.426038
 0 0.351452
 0 0.355954
 0 0.392583
 0 0.314348
 0 0.373916
 0 0.362459
 0 0.319758
 0 0.344606
 0 0.465485
 0 0.342596
 0 0.357428
 0 0.417952
 0 0.38821
 0 0.307209
 0 0.410565
 0 0.355002
 0 0.361345
 0 0.318709
 0 0.282084
 0 0.352554
 0 0.310957
 0 0.428814
 0 0.320605
 0 0.382324
 0 0.402391
 0 0.380385
 0 0.305141
 0 0.349623
 0 0.337207
 0 0.34107
 0 0.385687
 0 0.339768
 0 0.306529
 0 0.378797
 0 0.351165
 0 0.394584
 0 0.356357
 0 0.365635
 0 0.373322
 0 0.38581
 0 0.392744
 0 0.280403
 0 0.272007
 0 0.343586
 0 0.400785
 0 0.385385
 0 0.385005
 0 0.370559
 0 0.311821
 0 0.33293
 0 0.443149
 0 0.364206
 0 0.337247
 0 0.381053
 0 0.369278
 0 0.385147
 0 0.389059
 0 0.433016
 0 0.35989
 0 0.259298
 0 0.356121
 0 0.327566
 0 0.310095
 0 0.324476
 0 0.275308
 0 0.471524
 0 0.329038
 0 0.435514
 0 0.400123
 0 0.305068
 0 0.339162
 0 0.302317
 0 0.379725
 0 0.36823
 0 0.395747
 0 0.383499
 0 0.396323
 0 0.344071
 0 0.304742
 0 0.343758
 0 0.374706
 0 0.362725
 0 0.371353
 0 0.335332
 0 0.352752
 0 0.33762
 0 0.390785
 0 0.376404
 0 0.283992
 0 0.331463
 0 0.375549
 0 0.355809
 0 0.385707
 0 0.361515
 0 0.343878
 0 0.374004
 0 0.344571
 0 0.339079
 0 0.384619
 0 0.326101
 0 0.340129
 0 0.345466
 0 0.386417
 0 0.351758
 0 0.404007
 0 0.344274
 0 0.332584
 0 0.389185
 0 0.296308
 0 0.334328
 0 0.255688
 0 0.447744
 0 0.330041
 0 0.352048
 0 0.42939
 0 0.346024
 0 0.40506
 0 0.332942
 0 0.332697
 0 0.372916
 0 0.398538
 0 0.389408
 0 0.354686
 0 0.290365
 0 0.392694
 0 0.325927
 0 0.401444
 0 0.340601
 0 0.346715
 0 0.332492
 0 0.385047
 0 0.308732
 0 0.34476
 0 0.276378
 0 0.367746
 0 0.397598
 0 0.341318
 0 0.35282
 0 0.357111
 0 0.375393
 0 0.388453
 0 0.286024
 0 0.375173
 0 0.309333
 0 0.375485
 0 0.370199
 0 0.300107
 0 0.419847
 0 0.342349
 0 0.355425
 0 0.289448
 0 0.368696
 0 0.35544
 0 0.365066
 0 0.309101
 0 0.346089
 0 0.410059
 0 0.341968
 0 0.363729
 0 0.321528
 0 0.37883
 0 0.360558
 0 0.295214
 0 0.294188
 0 0.409857
 0 0.380915
 0 0.388704
 0 0.3642
 0 0.366342
 0 0.357663
 0 0.366817
 0 0.300353
 0 0.392705
 0 0.311475
 0 0.427011
 0 0.296117
 0 0.359226
 0 0.357804
 0 0.374354
 0 0.334042
 0 0.388365
 0 0.346359
 0 0.327543
 0 0.426144
 0 0.366175
 0 0.256924
 0 0.391412
 0 0.277807
 0 0.340635
 0 0.395851
 0 0.391651
 0 0.400531
 0 0.331683
 0 0.38756
 0 0.369129
 0 0.316364
 0 0.352382
 0 0.343365
 0 0.330602
 0 0.355864
 0 0.416945
 0 0.307381
 0 0.389928
 0 0.395927
 0 0.32344
 0 0.404886
 0 0.43275
 0 0.331985
 0 0.365266
 0 0.320311
 0 0.253214
 0 0.332952
 0 0.369814
 0 0.381224
 0 0.418446
 0 0.447705
 0 0.345561
 0 0.328643
 0 0.310801
 0 0.389409
 0 0.413765
 0 0.3809
 0 0.3687
 0 0.342975
 0 0.324107
 0 0.378239
 0 0.385329
 0 0.359165
 0 0.309208
 0 0.360967
 0 0.325893
 0 0.381395
 0 0.36356
 0 0.393889
 0 0.453563
 0 0.320169
 0 0.316242
 0 0.339115
 0 0.379662
 0 0.40629
 0 0.357926
 0 0.358548
 0 0.364322
 0 0.365335
 0 0.439674
 0 0.365667
 0 0.313991
 0 0.389892
 0 0.353261
 0 0.384013
 0 0.412017
 0 0.407813
 0 0.294568
 0 0.369328
 0 0.337706
 0 0.35352
 0 0.346356
 0 0.335197
 0 0.323057
 0 0.313908
 0 0.42761
 0 0.376183
 0 0.317572
 0 0.343512
 0 0.376304
 0 0.402285
 0 0.443211
 0 0.316027
 0 0.378156
 0 0.310278
 0 0.361681
 0 0.327904
 0 0.397789
 0 0.376878
 0 0.283063
 0 0.362396
 0 0.303717
 0 0.342663
 0 0.428673
 0 0.346909
 0 0.346498
 0 0.350975
 0 0.316357
 0 0.426493
 0 0.3676
 0 0.362279
 0 0.317807
 0 0.419828
 0 0.388844
 0 0.360554
 0 0.320239
 0 0.385369
 0 0.383129
 0 0.40617
 0 0.344629
 0 0.320685
 0 0.328989
 0 0.375653
 0 0.395057
 0 0.464082
 0 0.405335
 0 0.298145
 0 0.467535
 0 0.261599
 0 0.341476
 0 0.495718
 0 0.305506
 0 0.402954
 0 0.375391
 0 0.378677
 0 0.332413
 0 0.401619
 0 0.402752
 0 0.409118
 0 0.446878
 0 0.429193
 0 0.322666
 0 0.340773
 0 0.359393
 0 0.314103
 0 0.333998
 0 0.376255
 0 0.329999
 0 0.47693
 0 0.377152
 0 0.401495
 0 0.381284
 0 0.355469
 0 0.405471
 0 0.4191
 0 0.419262
 0 0.394753
 0 0.367714
 0 0.361045
 0 0.311783
 0 0.311187
 0 0.335766
 0 0.392614
 0 0.33806
 0 0.32643
 0 0.284719
 0 0.40026
 0 0.414439
 0 0.29126
 0 0.346157
 0 0.378906
 0 0.389986
 0 0.37097
 0 0.28306
 0 0.33737
 0 0.342067
 0 0.300453
 0 0.364224
 0 0.402245
 0 0.415579
 0 0.309795
 0 0.358007
 0 0.363305
 0 0.397894
 0 0.403988
 0 0.356535
 0 0.356867
 0 0.389934
 0 0.390964
 0 0.368678
 0 0.388936
 0 0.357575
 0 0.356439
 0 0.385349
 0 0.298511
 0 0.337705
 0 0.334441
 0 0.406115
 0 0.384047
 0 0.361208
 0 0.359662
 0 0.33645
 0 0.406053
 0 0.440474
 0 0.37468
 0 0.326931
 0 0.342472
 0 0.422785
 0 0.413145
 0 0.385925
 0 0.388451
 0 0.298872
 0 0.311604
 0 0.299726
 0 0.351611
 0 0.305642
 0 0.376184
 0 0.477498
 0 0.388001
 0 0.376464
 0 0.334383
 0 0.347786
 0 0.360181
 0 0.418457
 0 0.425863
 0 0.377356
 0 0.315394
 0 0.321623
 0 0.405496
 0 0.359474
 0 0.361823
 0 0.349514
 0 0.387486
 0 0.304098
 0 0.38067
 0 0.402601
 0 0.307285
 0 0.349428
 0 0.356185
 0 0.348475
 0 0.370889
 0 0.320843
 0 0.354897
 0 0.333834
 0 0.350475
 0 0.304525
 0 0.359424
 0 0.370794
 0 0.298426
 0 0.371413
 0 0.34676
 0 0.346103
 0 0.349929
 0 0.350966
 0 0.352125
 0 0.459709
 0 0.33327
 0 0.444521
 0 0.375086
 0 0.272
 0 0.39194
 0 0.352388
 0 0.387769
 0 0.333686
 0 0.356918
 0 0.362084
 0 0.302448
 0 0.309239
 0 0.311646
 0 0.448144
 0 0.371116
 0 0.390945
 0 0.350983
 0 0.258193
 0 0.360629
 0 0.324707
 0 0.465529
 0 0.395001
 0 0.301347
 0 0.349428
 0 0.405007
 0 0.347604
 0 0.309083
 0 0.320608
 0 0.381214
 0 0.330143
 0 0.405207
 0 0.357362
 0 0.361644
 0 0.344325
 0 0.351078
 0 0.398138
 0 0.355566
 0 0.352613
 0 0.302775
 0 0.294086
 0 0.402848
 0 0.382621
 0 0.414169
 0 0.445355
 0 0.363607
 0 0.297021
 0 0.392535
 0 0.400795
 0 0.361471
 0 0.301095
 0 0.382265
 0 0.468136
 0 0.401885
 0 0.375898
 0 0.343558
 0 0.372434
 0 0.314
 0 0.335279
 0 0.336843
 0 0.337791
 0 0.342109
 0 0.395803
 0 0.438343
 0 0.383386
 0 0.310018
 0 0.262435
 0 0.399105
 0 0.334014
 0 0.281339
 0 0.296889
 0 0.353329
 0 0.384918
 0 0.284081
 0 0.372944
 0 0.242667
 0 0.332831
 0 0.368315
 0 0.349551
 0 0.433859
 0 0.392182
 0 0.330271
 0 0.303674
 0 0.370421
 0 0.323881
 0 0.412703
 0 0.381326
 0 0.345818
 0 0.364036
 0 0.379715
 0 0.331714
 0 0.418896
 0 0.320723
 0 0.376448
 0 0.385029
 0 0.380765
 0 0.315996
 0 0.340471
