603 1 0 0 1
 0 0.395968
 0 0.389651
 0 0.398631
 0 0.38063
 0 0.431196
 0 0.434697
 0 0.394919
 0 0.411109
 0 0.38422
 0 0.398613
 0 0.433245
 0 0.40905
 0 0.375665
 0 0.411582
 0 0.418357
 0 0.41388
 0 0.369878
 0 0.413913
 0 0.395123
 0 0.406499
 0 0.363207
 0 0.411562
 0 0.442777
 0 0.409329
 0 0.362139
 0 0.396387
 0 0.383357
 0 0.451894
 0 0.40111
 0 0.439723
 0 0.37201
 0 0.422345
 0 0.401905
 0 0.389204
 0 0.39278
 0 0.442376
 0 0.382012
 0 0.39265
 0 0.406478
 0 0.395733
 0 0.415893
 0 0.385887
 0 0.422826
 0 0.400195
 0 0.423524
 0 0.361145
 0 0.392714
 0 0.408042
 0 0.410365
 0 0.382294
 0 0.363147
 0 0.443504
 0 0.392542
 0 0.330705
 0 0.463448
 0 0.418396
 0 0.451096
 0 0.40842
 0 0.346991
 0 0.416904
 0 0.400407
 0 0.417701
 0 0.420413
 0 0.414774
 0 0.405154
 0 0.406979
 0 0.382004
 0 0.383531
 0 0.408075
 0 0.405301
 0 0.366806
 0 0.425271
 0 0.403296
 0 0.410893
 0 0.46621
 0 0.35631
 0 0.431726
 0 0.373825
 0 0.447324
 0 0.419485
 0 0.388534
 0 0.388765
 0 0.432925
 0 0.383373
 0 0.386036
 0 0.427262
 0 0.387069
 0 0.433314
 0 0.385295
 0 0.399658
 0 0.432598
 0 0.415677
 0 0.416719
 0 0.447668
 0 0.414931
 0 0.400471
 0 0.414282
 0 0.423941
 0 0.422171
 0 0.41425
 0 0.397712
 0 0.394404
 0 0.395573
 0 0.392848
 0 0.422874
 0 0.420285
 0 0.408485
 0 0.439523
 0 0.37623
 0 0.401769
 0 0.390169
 0 0.35718
 0 0.374941
 0 0.380745
 0 0.410411
 0 0.427498
 0 0.370564
 0 0.479361
 0 0.42108
 0 0.405955
 0 0.401494
 0 0.40046
 0 0.430395
 0 0.401522
 0 0.412538
 0 0.392429
 0 0.448254
 0 0.408413
 0 0.390312
 0 0.408026
 0 0.419459
 0 0.375429
 0 0.413405
 0 0.415896
 0 0.392118
 0 0.383963
 0 0.377554
 0 0.359853
 0 0.385715
 0 0.443801
 0 0.428585
 0 0.402284
 0 0.396948
 0 0.443958
 0 0.415965
 0 0.406869
 0 0.393566
 0 0.424738
 0 0.394994
 0 0.410024
 0 0.41329
 0 0.413341
 0 0.376003
 0 0.433242
 0 0.406001
 0 0.392141
 0 0.430195
 0 0.431495
 0 0.388536
 0 0.409322
 0 0.411017
 0 0.400089
 0 0.398426
 0 0.383407
 0 0.397766
 0 0.391738
 0 0.40988
 0 0.400648
 0 0.398519
 0 0.396122
 0 0.439633
 0 0.408011
 0 0.380726
 0 0.410394
 0 0.403939
 0 0.398357
 0 0.4255
 0 0.390328
 0 0.392637
 0 0.385975
 0 0.420245
 0 0.409003
 0 0.391068
 0 0.422595
 0 0.416231
 0 0.408549
 0 0.322197
 0 0.400123
 0 0.446451
 0 0.423986
 0 0.400163
 0 0.396751
 0 0.380548
 0 0.379838
 0 0.380863
 0 0.425683
 0 0.413519
 0 0.380458
 0 0.408435
 0 0.414814
 0 0.430172
 0 0.415672
 0 0.392807
 0 0.43046
 0 0.370339
 0 0.420639
 0 0.387712
 0 0.401752
 0 0.42182
 0 0.389729
 0 0.431589
 0 0.407278
 0 0.347113
 0 0.416651
 0 0.425359
 0 0.425214
 0 0.436059
 0 0.415753
 0 0.431778
 0 0.388523
 0 0.369196
 0 0.386391
 0 0.391784
 0 0.419739
 0 0.393527
 0 0.390058
 0 0.395181
 0 0.400184
 0 0.374573
 0 0.431993
 0 0.359206
 0 0.42717
 0 0.4047
 0 0.367322
 0 0.405136
 0 0.399895
 0 0.37448
 0 0.414388
 0 0.377958
 0 0.405253
 0 0.363113
 0 0.390652
 0 0.380488
 0 0.41108
 0 0.337412
 0 0.438503
 0 0.447893
 0 0.378845
 0 0.36403
 0 0.369659
 0 0.428992
 0 0.419836
 0 0.414175
 0 0.456426
 0 0.409227
 0 0.386407
 0 0.373441
 0 0.410713
 0 0.397705
 0 0.402436
 0 0.424764
 0 0.395947
 0 0.377026
 0 0.370945
 0 0.428376
 0 0.401813
 0 0.414249
 0 0.43869
 0 0.39747
 0 0.411715
 0 0.43036
 0 0.393211
 0 0.420901
 0 0.397872
 0 0.439397
 0 0.39871
 0 0.345584
 0 0.376583
 0 0.405446
 0 0.366663
 0 0.43408
 0 0.404867
 0 0.388989
 0 0.400122
 0 0.40286
 0 0.412308
 0 0.438647
 0 0.400652
 0 0.410511
 0 0.429596
 0 0.416114
 0 0.380477
 0 0.408214
 0 0.396728
 0 0.416552
 0 0.400997
 0 0.400535
 0 0.43405
 0 0.370788
 0 0.323929
 0 0.418565
 0 0.443263
 0 0.415301
 0 0.347847
 0 0.390004
 0 0.416974
 0 0.420068
 0 0.371428
 0 0.376928
 0 0.396705
 0 0.387163
 0 0.427974
 0 0.410089
 0 0.428252
 0 0.3516
 0 0.437752
 0 0.414212
 0 0.384075
 0 0.400726
 0 0.408684
 0 0.386459
 0 0.390516
 0 0.410399
 0 0.434784
 0 0.410332
 0 0.401352
 0 0.385124
 0 0.411266
 0 0.41925
 0 0.410633
 0 0.406786
 0 0.443096
 0 0.4146
 0 0.406811
 0 0.414297
 0 0.424004
 0 0.411577
 0 0.409095
 0 0.415424
 0 0.418193
 0 0.350679
 0 0.42069
 0 0.422954
 0 0.42385
 0 0.384159
 0 0.407361
 0 0.440649
 0 0.379372
 0 0.398068
 0 0.391812
 0 0.412088
 0 0.371373
 0 0.439842
 0 0.399983
 0 0.456714
 0 0.388201
 0 0.420632
 0 0.364926
 0 0.409357
 0 0.378553
 0 0.404267
 0 0.401491
 0 0.387253
 0 0.429838
 0 0.364097
 0 0.359375
 0 0.395142
 0 0.410523
 0 0.391267
 0 0.41807
 0 0.409632
 0 0.410882
 0 0.408793
 0 0.42036
 0 0.437594
 0 0.396043
 0 0.368667
 0 0.43513
 0 0.37825
 0 0.410202
 0 0.414144
 0 0.399932
 0 0.415826
 0 0.410952
 0 0.409893
 0 0.396677
 0 0.397482
 0 0.392929
 0 0.344023
 0 0.401886
 0 0.367399
 0 0.387543
 0 0.411461
 0 0.382313
 0 0.413519
 0 0.370137
 0 0.357345
 0 0.420056
 0 0.42329
 0 0.393909
 0 0.394884
 0 0.450706
 0 0.432425
 0 0.431513
 0 0.42489
 0 0.391342
 0 0.418596
 0 0.426794
 0 0.380017
 0 0.372204
 0 0.403454
 0 0.409743
 0 0.371835
 0 0.399039
 0 0.398484
 0 0.378826
 0 0.386444
 0 0.390688
 0 0.413398
 0 0.386117
 0 0.406964
 0 0.369105
 0 0.404617
 0 0.392655
 0 0.383301
 0 0.40736
 0 0.402305
 0 0.401238
 0 0.444193
 0 0.426564
 0 0.394939
 0 0.448347
 0 0.435546
 0 0.434339
 0 0.410203
 0 0.398469
 0 0.403791
 0 0.417687
 0 0.378576
 0 0.383622
 0 0.432074
 0 0.413527
 0 0.436342
 0 0.423059
 0 0.395185
 0 0.406495
 0 0.416431
 0 0.444373
 0 0.399145
 0 0.429197
 0 0.435561
 0 0.41729
 0 0.362068
 0 0.421399
 0 0.399772
 0 0.424322
 0 0.385397
 0 0.387829
 0 0.410649
 0 0.385782
 0 0.425687
 0 0.420144
 0 0.437434
 0 0.401733
 0 0.426751
 0 0.399116
 0 0.418058
 0 0.43654
 0 0.419205
 0 0.37595
 0 0.396476
 0 0.472815
 0 0.456409
 0 0.363175
 0 0.454393
 0 0.440005
 0 0.404664
 0 0.375276
 0 0.405116
 0 0.383648
 0 0.429185
 0 0.418287
 0 0.430531
 0 0.365261
 0 0.427028
 0 0.402625
 0 0.396686
 0 0.411887
 0 0.431149
 0 0.406041
 0 0.413638
 0 0.405914
 0 0.423642
 0 0.393843
 0 0.378559
 0 0.389291
 0 0.40212
 0 0.413406
 0 0.412739
 0 0.389711
 0 0.432001
 0 0.430899
 0 0.421531
 0 0.422935
 0 0.422565
 0 0.38991
 0 0.401291
 0 0.414815
 0 0.423322
 0 0.415844
 0 0.397737
 0 0.42045
 0 0.41863
 0 0.408382
 0 0.433643
 0 0.376552
 0 0.408288
 0 0.402699
 0 0.360946
 0 0.466927
 0 0.421013
 0 0.373584
 0 0.449572
 0 0.407599
 0 0.4256
 0 0.418949
 0 0.380988
 0 0.436157
 0 0.41113
 0 0.341397
 0 0.408693
 0 0.391881
 0 0.428252
 0 0.403137
 0 0.4147
 0 0.412449
 0 0.34775
 0 0.437542
 0 0.420333
 0 0.406205
 0 0.427666
 0 0.435479
 0 0.422516
 0 0.435693
 0 0.39201
 0 0.435128
 0 0.445995
 0 0.433537
 0 0.351336
 0 0.433265
 0 0.413354
 0 0.409903
 0 0.385426
 0 0.436578
 0 0.401614
 0 0.385245
 0 0.40336
 0 0.418033
 0 0.372599
 0 0.402078
 0 0.40887
 0 0.415053
 0 0.426668
 0 0.391195
 0 0.382895
 0 0.376013
 0 0.452166
 0 0.412708
 0 0.426688
 0 0.371496
 0 0.355959
 0 0.401741
 0 0.435127
 0 0.442482
 0 0.397417
 0 0.405669
 0 0.418316
 0 0.42069
 0 0.386896
 0 0.378888
 0 0.423631
 0 0.381333
 0 0.447191
 0 0.422924
 0 0.414546
 0 0.423961
 0 0.386157
 0 0.403754
 0 0.372795
 0 0.393114
 0 0.413253
 0 0.386147
 0 0.417083
 0 0.383146
 0 0.415734
 0 0.454256
 0 0.400967
 0 0.428434
 0 0.421576
 0 0.415417
 0 0.420323
 0 0.409571
 0 0.390379
