553 1 0 0 1
 0 0.398842
 0 0.488073
 0 0.723548
 0 0.244524
 0 0.42436
 0 0.372289
 0 0.738826
 0 0.368146
 0 0.107636
 0 0.06388
 0 0.153725
 0 0.537004
 0 0.582861
 0 0.259009
 0 0.693423
 0 0.386129
 0 0.495296
 0 0.836973
 0 0.44268
 0 0.710785
 0 -0.091225
 0 0.441237
 0 0.258203
 0 0.318382
 0 0.739592
 0 0.0582393
 0 0.612877
 0 -0.0325181
 0 0.23467
 0 0.416654
 0 0.49428
 0 0.317199
 0 0.394543
 0 0.553434
 0 0.283727
 0 0.104485
 0 0.524109
 0 0.732029
 0 0.206232
 0 0.527806
 0 0.612664
 0 0.0948367
 0 0.0401644
 0 0.156364
 0 0.34404
 0 0.683085
 0 0.434323
 0 0.261066
 0 0.237651
 0 0.0416819
 0 0.56533
 0 0.187384
 0 0.276735
 0 0.616855
 0 0.421989
 0 0.250455
 0 0.183918
 0 0.115415
 0 0.295823
 0 0.56744
 0 0.566663
 0 0.358536
 0 0.245437
 0 0.298871
 0 0.612362
 0 0.902307
 0 0.179092
 0 0.0459882
 0 0.102351
 0 0.396788
 0 0.00809552
 0 0.449423
 0 0.463994
 0 0.152508
 0 0.167304
 0 0.559331
 0 0.486191
 0 0.275531
 0 0.247708
 0 0.617839
 0 0.338434
 0 0.338541
 0 0.674073
 0 0.096333
 0 0.390391
 0 0.692845
 0 0.316514
 0 0.223627
 0 0.0140265
 0 -0.12175
 0 0.607274
 0 0.753808
 0 0.664096
 0 0.42051
 0 0.370114
 0 0.163321
 0 0.227318
 0 0.513801
 0 0.641198
 0 0.397468
 0 0.244136
 0 0.0913163
 0 0.546525
 0 0.0260792
 0 0.0739394
 0 0.313769
 0 0.34802
 0 0.235725
 0 0.433176
 0 0.129789
 0 -0.0153821
 0 0.594588
 0 0.133702
 0 0.303142
 0 0.368416
 0 0.492419
 0 0.576345
 0 -0.0414263
 0 0.110317
 0 0.271213
 0 0.278846
 0 0.0571785
 0 0.587512
 0 0.549706
 0 0.266351
 0 0.23578
 0 0.110301
 0 0.59219
 0 0.262436
 0 0.47979
 0 0.238983
 0 0.480932
 0 0.364347
 0 0.16177
 0 0.485676
 0 0.0628262
 0 0.56233
 0 0.273788
 0 0.356388
 0 0.562837
 0 0.548783
 0 0.183594
 0 0.389217
 0 0.0361206
 0 0.36339
 0 0.472709
 0 0.5039
 0 0.157701
 0 0.273153
 0 0.653012
 0 0.62089
 0 0.598094
 0 0.350258
 0 0.362985
 0 0.0604886
 0 0.684344
 0 0.160013
 0 0.299938
 0 0.369646
 0 0.282918
 0 0.783575
 0 0.300106
 0 0.115262
 0 0.451026
 0 0.186518
 0 -0.460091
 0 0.373459
 0 0.621489
 0 0.383104
 0 0.449995
 0 0.371477
 0 0.204644
 0 0.281182
 0 0.239267
 0 0.21849
 0 0.187888
 0 0.432476
 0 0.278689
 0 0.081031
 0 0.316285
 0 0.120779
 0 0.578315
 0 0.620555
 0 0.251005
 0 0.200219
 0 0.349693
 0 0.393389
 0 0.517128
 0 0.512859
 0 0.698582
 0 0.15395
 0 0.168312
 0 0.788855
 0 0.159636
 0 0.694156
 0 0.2712
 0 0.485591
 0 0.127687
 0 0.153437
 0 0.626789
 0 0.0578297
 0 0.362288
 0 0.367968
 0 0.467563
 0 0.256711
 0 0.430304
 0 0.130845
 0 0.605697
 0 0.545084
 0 0.279706
 0 0.0858967
 0 0.393105
 0 -0.212967
 0 0.317375
 0 0.298293
 0 0.851946
 0 1.13684
 0 0.255197
 0 0.413542
 0 0.344639
 0 -0.0377323
 0 0.211056
 0 0.361495
 0 0.362699
 0 0.493385
 0 0.289984
 0 0.161758
 0 0.0106535
 0 0.3498
 0 0.34792
 0 0.540547
 0 0.662951
 0 0.321375
 0 0.563805
 0 0.12136
 0 0.344505
 0 0.197
 0 0.371885
 0 0.690348
 0 0.597435
 0 0.590073
 0 0.20382
 0 0.428463
 0 0.253086
 0 0.306937
 0 0.455291
 0 0.374134
 0 0.145426
 0 0.0644418
 0 0.417905
 0 0.363025
 0 0.551342
 0 0.386612
 0 0.316062
 0 0.339423
 0 0.232936
 0 0.642686
 0 0.239337
 0 0.721614
 0 0.58505
 0 0.255163
 0 0.0788712
 0 0.410099
 0 0.297039
 0 0.685914
 0 0.365855
 0 0.738251
 0 0.457064
 0 0.723195
 0 0.319098
 0 0.240924
 0 0.283606
 0 0.449099
 0 0.143818
 0 0.467486
 0 0.313132
 0 0.567669
 0 0.237816
 0 0.691521
 0 0.359056
 0 0.109688
 0 0.20413
 0 0.518277
 0 0.163609
 0 0.258376
 0 0.857968
 0 0.23636
 0 0.233401
 0 0.357954
 0 0.402317
 0 0.802673
 0 0.401999
 0 0.232748
 0 0.273013
 0 0.0593853
 0 0.336758
 0 0.0559539
 0 0.236405
 0 0.522507
 0 0.457373
 0 0.248683
 0 0.116455
 0 0.115869
 0 0.572059
 0 0.148503
 0 0.252517
 0 0.510875
 0 0.1092
 0 0.475662
 0 0.521642
 0 0.152311
 0 0.0807077
 0 0.943818
 0 0.122647
 0 0.0358426
 0 0.227009
 0 0.481269
 0 0.705632
 0 0.525171
 0 0.421772
 0 0.269505
 0 0.564822
 0 0.501095
 0 0.100466
 0 0.788813
 0 0.22478
 0 -0.0804623
 0 0.798094
 0 -0.0276037
 0 0.427925
 0 0.307026
 0 -0.251276
 0 0.850002
 0 0.442182
 0 0.373901
 0 0.395286
 0 0.488017
 0 0.340867
 0 0.460244
 0 0.682104
 0 0.779835
 0 -0.0608551
 0 0.270006
 0 0.314945
 0 0.0307251
 0 0.27333
 0 0.344417
 0 0.115952
 0 0.655289
 0 0.775499
 0 0.128829
 0 0.271875
 0 0.237408
 0 0.479621
 0 1.06555
 0 0.425344
 0 0.4746
 0 0.0271264
 0 0.371215
 0 0.238166
 0 0.313286
 0 0.0290791
 0 0.439697
 0 0.304708
 0 0.223888
 0 0.262733
 0 0.676179
 0 0.684348
 0 0.219676
 0 0.205567
 0 0.384128
 0 0.714947
 0 0.104166
 0 0.0201904
 0 0.537373
 0 0.238128
 0 0.0401219
 0 0.161772
 0 0.287921
 0 0.559029
 0 0.129043
 0 0.487179
 0 0.47247
 0 0.514178
 0 0.644864
 0 0.39819
 0 0.563102
 0 0.359921
 0 0.434424
 0 0.144514
 0 0.481632
 0 0.32727
 0 0.667035
 0 0.33876
 0 0.245691
 0 0.232888
 0 0.105384
 0 0.614237
 0 0.416557
 0 0.633105
 0 0.155125
 0 -0.0432951
 0 0.519241
 0 0.249577
 0 0.441688
 0 0.175599
 0 0.473136
 0 0.805288
 0 0.361649
 0 0.377925
 0 0.264602
 0 0.159661
 0 0.185184
 0 -0.0289882
 0 0.460438
 0 0.0458234
 0 0.432432
 0 0.367443
 0 0.264688
 0 0.598316
 0 0.318966
 0 0.060793
 0 0.319617
 0 0.284161
 0 0.319856
 0 0.382042
 0 0.456082
 0 0.226292
 0 0.634174
 0 0.450118
 0 0.175119
 0 0.724116
 0 0.514865
 0 0.194488
 0 0.513021
 0 0.482221
 0 0.136041
 0 0.493711
 0 0.407966
 0 0.114997
 0 0.435268
 0 0.415885
 0 0.593194
 0 0.399839
 0 0.137073
 0 0.250368
 0 0.718967
 0 0.405058
 0 -0.140705
 0 0.162196
 0 0.220992
 0 -0.0357779
 0 0.483842
 0 0.672698
 0 0.258768
 0 0.514189
 0 0.206655
 0 0.5262
 0 0.411899
 0 -0.0365591
 0 0.0748332
 0 0.118544
 0 0.445862
 0 0.172797
 0 0.335792
 0 -0.0180762
 0 0.497208
 0 0.169343
 0 0.346493
 0 0.515184
 0 0.579486
 0 0.522196
 0 0.157384
 0 0.0238496
 0 0.285476
 0 0.172567
 0 0.404095
 0 0.886902
 0 -0.129596
 0 0.511688
 0 0.134065
 0 0.302117
 0 0.718877
 0 0.495281
 0 0.607037
 0 0.243461
 0 0.358155
 0 0.0667956
 0 0.377422
 0 0.0702194
 0 0.0760927
 0 0.423293
 0 0.394625
 0 0.489554
 0 0.216921
 0 -0.262824
 0 0.0993837
 0 0.244075
 0 0.379699
 0 1.03381
 0 0.438565
 0 0.048926
 0 0.358797
 0 0.226936
 0 0.10949
 0 0.380713
 0 -0.0885813
 0 0.152382
 0 0.61872
 0 0.331603
 0 0.193595
 0 0.306986
 0 0.421266
 0 0.246537
 0 0.166502
 0 0.384726
 0 0.371816
 0 0.28369
 0 0.61063
 0 0.476624
 0 0.128217
 0 0.0731269
 0 0.722388
 0 0.244177
 0 0.0382756
 0 0.281867
 0 0.366638
 0 0.339294
 0 -0.0897462
 0 0.447464
 0 0.513701
 0 0.412151
 0 0.32152
 0 0.355574
 0 0.542564
 0 -0.181905
 0 0.363013
 0 0.246966
 0 0.224643
 0 0.386941
 0 0.60097
 0 0.311056
 0 0.325631
 0 0.240143
 0 0.294444
 0 0.247171
 0 0.485633
 0 0.0403168
 0 0.275291
 0 0.600425
 0 0.396058
 0 0.243499
 0 0.375221
