603 1 0 0 1
 0 0.345806
 0 0.375282
 0 0.386615
 0 0.372369
 0 0.383917
 0 0.425832
 0 0.361764
 0 0.375413
 0 0.36672
 0 0.395615
 0 0.419825
 0 0.37856
 0 0.366904
 0 0.392219
 0 0.380576
 0 0.370343
 0 0.362469
 0 0.378277
 0 0.351702
 0 0.410421
 0 0.327016
 0 0.388244
 0 0.380441
 0 0.398508
 0 0.331812
 0 0.374063
 0 0.384107
 0 0.398728
 0 0.40505
 0 0.391004
 0 0.35347
 0 0.378876
 0 0.370135
 0 0.381838
 0 0.371304
 0 0.431647
 0 0.358755
 0 0.345985
 0 0.354273
 0 0.345737
 0 0.395979
 0 0.360153
 0 0.403892
 0 0.397524
 0 0.4251
 0 0.340043
 0 0.36931
 0 0.374898
 0 0.394781
 0 0.339263
 0 0.381998
 0 0.410418
 0 0.363163
 0 0.331261
 0 0.457781
 0 0.396507
 0 0.39567
 0 0.394164
 0 0.340691
 0 0.387362
 0 0.428993
 0 0.379047
 0 0.35343
 0 0.380335
 0 0.353829
 0 0.401052
 0 0.316476
 0 0.338703
 0 0.394019
 0 0.384102
 0 0.354295
 0 0.415639
 0 0.384691
 0 0.363898
 0 0.434803
 0 0.348233
 0 0.381127
 0 0.354108
 0 0.39501
 0 0.377724
 0 0.363492
 0 0.367013
 0 0.372288
 0 0.373978
 0 0.35675
 0 0.406869
 0 0.35139
 0 0.41523
 0 0.37927
 0 0.361009
 0 0.395637
 0 0.376532
 0 0.363116
 0 0.402347
 0 0.40318
 0 0.358149
 0 0.339565
 0 0.375229
 0 0.380996
 0 0.3838
 0 0.377093
 0 0.356734
 0 0.353676
 0 0.384129
 0 0.399638
 0 0.394381
 0 0.380385
 0 0.402734
 0 0.399593
 0 0.345406
 0 0.400702
 0 0.265234
 0 0.364101
 0 0.364562
 0 0.355234
 0 0.40045
 0 0.364208
 0 0.432403
 0 0.398565
 0 0.374188
 0 0.374371
 0 0.399125
 0 0.390175
 0 0.380516
 0 0.384178
 0 0.378302
 0 0.404043
 0 0.389554
 0 0.363331
 0 0.357636
 0 0.409715
 0 0.361195
 0 0.37132
 0 0.3943
 0 0.358648
 0 0.384033
 0 0.35622
 0 0.372823
 0 0.380066
 0 0.414137
 0 0.397082
 0 0.367287
 0 0.356363
 0 0.401152
 0 0.369663
 0 0.406422
 0 0.381595
 0 0.375066
 0 0.372545
 0 0.405013
 0 0.393258
 0 0.383909
 0 0.358923
 0 0.369339
 0 0.377911
 0 0.362618
 0 0.365837
 0 0.413555
 0 0.387765
 0 0.361145
 0 0.384275
 0 0.380937
 0 0.36583
 0 0.355554
 0 0.396952
 0 0.36687
 0 0.388159
 0 0.371894
 0 0.385306
 0 0.372876
 0 0.402568
 0 0.372683
 0 0.347691
 0 0.411016
 0 0.389782
 0 0.403154
 0 0.396706
 0 0.39117
 0 0.376711
 0 0.357133
 0 0.408875
 0 0.400845
 0 0.383825
 0 0.352205
 0 0.373491
 0 0.384839
 0 0.318879
 0 0.298922
 0 0.396255
 0 0.393775
 0 0.357287
 0 0.395602
 0 0.34447
 0 0.36822
 0 0.364818
 0 0.393419
 0 0.384218
 0 0.361062
 0 0.370083
 0 0.30868
 0 0.415883
 0 0.380831
 0 0.378837
 0 0.32876
 0 0.39222
 0 0.390232
 0 0.386015
 0 0.381541
 0 0.370333
 0 0.345282
 0 0.392466
 0 0.397556
 0 0.355161
 0 0.383418
 0 0.401936
 0 0.390376
 0 0.38642
 0 0.385819
 0 0.376244
 0 0.390136
 0 0.345443
 0 0.3585
 0 0.379856
 0 0.414463
 0 0.361304
 0 0.377401
 0 0.3658
 0 0.407571
 0 0.351604
 0 0.395731
 0 0.341484
 0 0.405953
 0 0.360761
 0 0.350917
 0 0.393097
 0 0.390705
 0 0.345585
 0 0.416443
 0 0.338197
 0 0.356004
 0 0.365313
 0 0.372159
 0 0.382674
 0 0.412276
 0 0.374275
 0 0.431356
 0 0.388661
 0 0.335513
 0 0.352023
 0 0.367966
 0 0.39034
 0 0.418626
 0 0.372819
 0 0.402191
 0 0.390368
 0 0.320178
 0 0.32628
 0 0.371566
 0 0.390398
 0 0.348123
 0 0.392539
 0 0.373398
 0 0.358413
 0 0.360651
 0 0.415325
 0 0.36811
 0 0.374957
 0 0.406603
 0 0.38008
 0 0.377097
 0 0.400932
 0 0.370179
 0 0.386692
 0 0.387188
 0 0.402109
 0 0.405768
 0 0.299215
 0 0.35467
 0 0.382177
 0 0.346618
 0 0.409842
 0 0.399711
 0 0.376786
 0 0.387521
 0 0.37792
 0 0.365897
 0 0.403152
 0 0.373086
 0 0.36883
 0 0.404627
 0 0.376107
 0 0.335271
 0 0.365223
 0 0.354921
 0 0.39376
 0 0.382419
 0 0.415351
 0 0.384147
 0 0.377573
 0 0.264201
 0 0.392093
 0 0.400179
 0 0.335497
 0 0.310863
 0 0.377584
 0 0.378252
 0 0.428103
 0 0.369372
 0 0.359141
 0 0.379352
 0 0.368286
 0 0.364318
 0 0.380109
 0 0.39916
 0 0.37078
 0 0.41469
 0 0.39202
 0 0.343262
 0 0.374064
 0 0.37888
 0 0.374069
 0 0.363814
 0 0.392176
 0 0.39009
 0 0.408297
 0 0.362637
 0 0.373976
 0 0.354992
 0 0.40442
 0 0.383913
 0 0.38451
 0 0.410982
 0 0.394924
 0 0.396725
 0 0.364079
 0 0.379589
 0 0.381649
 0 0.367009
 0 0.3841
 0 0.392348
 0 0.332225
 0 0.395269
 0 0.395539
 0 0.390906
 0 0.356425
 0 0.382644
 0 0.421927
 0 0.330754
 0 0.344306
 0 0.362939
 0 0.421033
 0 0.31636
 0 0.41638
 0 0.402716
 0 0.474947
 0 0.378241
 0 0.398529
 0 0.365152
 0 0.409734
 0 0.344607
 0 0.367
 0 0.391891
 0 0.317052
 0 0.393781
 0 0.37002
 0 0.284694
 0 0.374621
 0 0.368798
 0 0.387846
 0 0.400499
 0 0.370508
 0 0.380157
 0 0.374896
 0 0.387143
 0 0.422155
 0 0.376251
 0 0.362758
 0 0.405661
 0 0.373887
 0 0.390403
 0 0.391805
 0 0.381864
 0 0.381966
 0 0.371134
 0 0.391466
 0 0.376877
 0 0.383527
 0 0.342988
 0 0.309252
 0 0.375118
 0 0.354167
 0 0.351743
 0 0.386605
 0 0.376096
 0 0.390015
 0 0.361418
 0 0.332865
 0 0.393971
 0 0.380739
 0 0.393105
 0 0.387843
 0 0.413064
 0 0.405287
 0 0.40011
 0 0.377245
 0 0.353842
 0 0.37689
 0 0.415001
 0 0.37027
 0 0.339552
 0 0.355273
 0 0.372655
 0 0.366739
 0 0.333636
 0 0.38806
 0 0.359597
 0 0.373311
 0 0.373401
 0 0.392649
 0 0.365728
 0 0.370512
 0 0.376992
 0 0.369572
 0 0.353229
 0 0.364304
 0 0.388283
 0 0.34813
 0 0.366642
 0 0.395484
 0 0.417741
 0 0.362477
 0 0.377964
 0 0.409547
 0 0.396482
 0 0.400145
 0 0.372993
 0 0.382785
 0 0.361005
 0 0.354146
 0 0.36086
 0 0.361376
 0 0.38447
 0 0.408958
 0 0.401743
 0 0.368093
 0 0.364656
 0 0.401638
 0 0.46196
 0 0.363059
 0 0.421199
 0 0.40469
 0 0.386311
 0 0.342024
 0 0.379769
 0 0.366395
 0 0.445597
 0 0.366462
 0 0.371066
 0 0.35309
 0 0.35826
 0 0.406213
 0 0.427883
 0 0.401565
 0 0.38095
 0 0.404994
 0 0.408186
 0 0.382658
 0 0.399037
 0 0.343515
 0 0.374548
 0 0.366704
 0 0.431099
 0 0.408963
 0 0.360718
 0 0.434376
 0 0.418362
 0 0.368143
 0 0.329682
 0 0.408497
 0 0.322776
 0 0.439331
 0 0.393575
 0 0.4156
 0 0.359345
 0 0.409531
 0 0.372958
 0 0.384286
 0 0.357452
 0 0.380701
 0 0.411635
 0 0.376704
 0 0.360633
 0 0.406793
 0 0.367684
 0 0.352367
 0 0.340551
 0 0.394138
 0 0.3846
 0 0.376939
 0 0.37477
 0 0.375648
 0 0.418199
 0 0.413393
 0 0.396079
 0 0.427583
 0 0.340775
 0 0.375112
 0 0.387849
 0 0.376721
 0 0.375401
 0 0.381626
 0 0.399515
 0 0.382521
 0 0.378527
 0 0.363441
 0 0.369602
 0 0.372477
 0 0.351739
 0 0.355966
 0 0.440514
 0 0.376352
 0 0.317984
 0 0.415916
 0 0.379622
 0 0.433019
 0 0.387342
 0 0.334776
 0 0.428889
 0 0.407973
 0 0.326426
 0 0.375046
 0 0.390101
 0 0.406226
 0 0.373322
 0 0.355772
 0 0.379581
 0 0.363153
 0 0.412756
 0 0.373524
 0 0.401269
 0 0.380101
 0 0.389651
 0 0.406663
 0 0.401517
 0 0.358794
 0 0.395128
 0 0.419987
 0 0.414798
 0 0.291853
 0 0.403935
 0 0.482292
 0 0.37804
 0 0.347363
 0 0.404423
 0 0.373499
 0 0.337242
 0 0.399372
 0 0.391898
 0 0.356018
 0 0.380847
 0 0.380366
 0 0.393494
 0 0.381308
 0 0.412688
 0 0.344867
 0 0.384597
 0 0.385628
 0 0.415937
 0 0.361059
 0 0.319318
 0 0.374829
 0 0.38584
 0 0.404402
 0 0.392436
 0 0.354558
 0 0.384476
 0 0.392063
 0 0.391696
 0 0.376373
 0 0.346845
 0 0.398891
 0 0.336063
 0 0.397639
 0 0.372229
 0 0.36984
 0 0.36534
 0 0.392577
 0 0.359019
 0 0.322101
 0 0.386996
 0 0.370258
 0 0.389453
 0 0.380751
 0 0.370579
 0 0.394281
 0 0.427649
 0 0.383063
 0 0.410322
 0 0.369271
 0 0.417749
 0 0.379266
 0 0.388597
 0 0.397646
