553 1 0 0 1
 0 0.203765
 0 0.258852
 0 0.861745
 0 0.729031
 0 0.422709
 0 0.137904
 0 0.353653
 0 0.331103
 0 0.224947
 0 0.378038
 0 -0.0410843
 0 0.496135
 0 0.467947
 0 0.307213
 0 0.251664
 0 0.00340561
 0 0.345254
 0 0.863456
 0 0.365912
 0 0.24041
 0 0.242622
 0 0.341895
 0 0.388434
 0 0.320118
 0 0.806026
 0 -0.0885773
 0 0.244147
 0 0.00254987
 0 0.269323
 0 0.433376
 0 0.392311
 0 -0.00631406
 0 0.755441
 0 0.989689
 0 0.146167
 0 0.0130444
 0 0.538715
 0 0.63024
 0 0.309931
 0 0.462535
 0 0.27065
 0 0.192883
 0 0.218451
 0 0.088897
 0 0.329177
 0 0.220353
 0 0.313589
 0 0.225542
 0 0.307038
 0 -0.110801
 0 0.284258
 0 0.0286235
 0 0.081462
 0 0.33407
 0 0.657526
 0 0.492272
 0 0.111653
 0 0.367648
 0 0.450143
 0 0.447338
 0 0.552122
 0 0.378404
 0 0.0780442
 0 0.1929
 0 0.63361
 0 0.498922
 0 0.321499
 0 -0.112653
 0 0.0463273
 0 0.663107
 0 -0.0242437
 0 0.666039
 0 0.117563
 0 0.296402
 0 -0.0749667
 0 0.520978
 0 0.335122
 0 0.408496
 0 0.760663
 0 0.349278
 0 0.291005
 0 0.342457
 0 0.70382
 0 0.115917
 0 0.339553
 0 0.253837
 0 0.291353
 0 0.518083
 0 0.11898
 0 0.376318
 0 0.0929031
 0 0.267025
 0 0.251916
 0 0.538298
 0 0.4936
 0 -0.0446133
 0 0.224429
 0 0.607249
 0 0.222994
 0 -0.00778551
 0 0.363047
 0 -0.103944
 0 0.596531
 0 0.241186
 0 0.407249
 0 0.371185
 0 0.406304
 0 0.397168
 0 0.375481
 0 0.0492708
 0 -0.0431392
 0 0.279295
 0 0.366289
 0 0.253107
 0 0.379595
 0 0.317518
 0 0.423175
 0 -0.135429
 0 0.163775
 0 0.31398
 0 0.932964
 0 0.169107
 0 0.255814
 0 0.761315
 0 0.225722
 0 0.0643094
 0 0.210093
 0 0.777643
 0 0.305402
 0 0.867769
 0 0.172853
 0 0.256863
 0 0.0775128
 0 0.296435
 0 0.302393
 0 0.227069
 0 0.303954
 0 0.181537
 0 0.00417521
 0 0.510777
 0 0.599702
 0 0.0704178
 0 0.312323
 0 0.280485
 0 0.163285
 0 0.5864
 0 0.2525
 0 0.00681773
 0 0.217076
 0 0.530552
 0 0.201378
 0 0.637828
 0 0.315001
 0 0.249516
 0 0.0138718
 0 0.481792
 0 0.330282
 0 0.34851
 0 0.334742
 0 0.372744
 0 0.768394
 0 0.313705
 0 0.335684
 0 0.725089
 0 0.259509
 0 -0.194266
 0 0.24129
 0 0.788467
 0 0.26241
 0 0.271933
 0 0.556627
 0 0.170463
 0 0.375626
 0 0.013817
 0 0.654735
 0 -0.213772
 0 0.0719755
 0 0.333441
 0 -0.0445924
 0 0.424925
 0 0.0293566
 0 0.70174
 0 0.299089
 0 0.348597
 0 0.246162
 0 0.293559
 0 0.262257
 0 0.712909
 0 0.350533
 0 0.665388
 0 0.385984
 0 0.309391
 0 0.434697
 0 0.0858272
 0 0.534292
 0 -0.155531
 0 -0.0996498
 0 0.0820036
 0 0.0503394
 0 0.407302
 0 0.348068
 0 0.405509
 0 0.361164
 0 0.487478
 0 0.157365
 0 0.255968
 0 -0.307146
 0 0.611934
 0 1.1737
 0 0.36846
 0 0.353551
 0 0.316678
 0 0.273664
 0 0.287606
 0 0.207914
 0 0.223514
 0 0.768153
 0 0.293407
 0 0.421369
 0 0.782539
 0 0.151311
 0 -0.0368674
 0 0.663683
 0 0.526472
 0 0.762564
 0 0.387259
 0 0.282609
 0 0.00346238
 0 0.274051
 0 -0.0256459
 0 0.0579007
 0 0.678779
 0 0.411361
 0 0.673107
 0 0.0966916
 0 0.0451226
 0 0.0767827
 0 0.264512
 0 0.846665
 0 0.445264
 0 0.12005
 0 0.0524063
 0 0.489036
 0 0.332335
 0 -0.0102482
 0 0.290671
 0 0.592215
 0 0.136028
 0 0.0954348
 0 0.318325
 0 0.350535
 0 0.516382
 0 0.318503
 0 0.271824
 0 0.498555
 0 0.356044
 0 0.225923
 0 0.166118
 0 0.781841
 0 0.441072
 0 0.35228
 0 0.0521433
 0 0.273793
 0 0.0891102
 0 0.55456
 0 0.31616
 0 0.654089
 0 0.0611151
 0 0.545615
 0 0.484259
 0 0.349851
 0 0.329016
 0 0.498182
 0 0.481388
 0 0.478746
 0 0.408498
 0 0.681059
 0 0.247729
 0 0.688806
 0 0.293561
 0 0.761869
 0 0.000264713
 0 0.318515
 0 -0.0795716
 0 0.114499
 0 0.53202
 0 0.368608
 0 0.33583
 0 0.478424
 0 0.267267
 0 0.800317
 0 0.343333
 0 -0.0102073
 0 0.249842
 0 0.0792638
 0 0.369484
 0 0.222096
 0 0.420954
 0 0.348752
 0 0.279795
 0 0.343055
 0 0.019304
 0 0.618808
 0 0.50999
 0 0.12755
 0 -0.405838
 0 0.520353
 0 0.144477
 0 0.778186
 0 -0.0445855
 0 0.13892
 0 -0.106896
 0 0.926117
 0 0.350185
 0 -0.0111747
 0 0.337887
 0 0.345438
 0 0.721889
 0 0.454885
 0 0.390407
 0 0.161218
 0 0.591799
 0 0.115613
 0 0.031658
 0 0.766377
 0 0.471831
 0 -0.137403
 0 0.663344
 0 0.00451629
 0 0.245007
 0 0.123073
 0 -0.088281
 0 0.884617
 0 0.371057
 0 0.58919
 0 0.398246
 0 0.495108
 0 -0.1371
 0 0.351877
 0 0.517239
 0 0.614604
 0 -0.133919
 0 0.0789706
 0 0.3495
 0 -0.0187115
 0 0.160561
 0 0.31711
 0 0.350335
 0 0.581283
 0 0.877306
 0 0.11893
 0 0.676153
 0 0.0914414
 0 0.340698
 0 1.33433
 0 0.284686
 0 0.37354
 0 0.0818502
 0 0.785303
 0 0.0681188
 0 0.505488
 0 0.41082
 0 0.382865
 0 0.332587
 0 0.379343
 0 0.284786
 0 0.326986
 0 0.733771
 0 0.177183
 0 0.437689
 0 0.492933
 0 0.646493
 0 0.297941
 0 0.0169805
 0 0.2465
 0 0.351018
 0 0.190146
 0 0.0160473
 0 0.347503
 0 0.353562
 0 0.584013
 0 0.329783
 0 0.686856
 0 0.294224
 0 0.601085
 0 0.776516
 0 0.275791
 0 0.60665
 0 0.299506
 0 0.135408
 0 0.355456
 0 0.131985
 0 0.323263
 0 0.322733
 0 0.269727
 0 0.466835
 0 -0.0210709
 0 0.882045
 0 0.649057
 0 0.673944
 0 0.070603
 0 0.0370318
 0 1.13031
 0 0.411671
 0 0.537189
 0 0.0693587
 0 0.671276
 0 0.694249
 0 0.593012
 0 0.108671
 0 0.322878
 0 0.545657
 0 0.619757
 0 0.375342
 0 0.583676
 0 0.058802
 0 0.309368
 0 0.675056
 0 0.394188
 0 0.789378
 0 0.386947
 0 -0.061079
 0 0.158217
 0 0.808005
 0 0.402784
 0 0.332807
 0 0.289318
 0 0.412508
 0 0.607478
 0 0.328611
 0 0.368831
 0 0.504568
 0 0.18876
 0 0.134528
 0 0.576796
 0 0.334087
 0 0.0780093
 0 0.482032
 0 0.344283
 0 0.0886171
 0 0.324653
 0 0.543636
 0 0.848789
 0 0.329646
 0 0.258086
 0 0.215896
 0 0.620459
 0 0.50248
 0 0.00195959
 0 -0.0287752
 0 0.300186
 0 0.0615552
 0 0.412717
 0 0.670948
 0 0.334463
 0 0.681296
 0 0.406657
 0 0.504083
 0 0.789909
 0 0.400867
 0 0.453237
 0 0.101802
 0 0.360735
 0 0.262141
 0 0.50473
 0 -0.210425
 0 -0.12318
 0 -0.149107
 0 0.434731
 0 0.699985
 0 0.719369
 0 0.294947
 0 -0.0910495
 0 -0.216137
 0 0.358541
 0 0.264835
 0 0.361492
 0 0.633731
 0 -0.0683451
 0 0.228628
 0 0.22827
 0 0.355643
 0 0.606396
 0 0.276458
 0 0.307875
 0 0.0397313
 0 0.390445
 0 0.180181
 0 0.34913
 0 -0.0434353
 0 0.119263
 0 0.525635
 0 0.720204
 0 0.293246
 0 -0.0166144
 0 -0.14926
 0 -0.0306066
 0 0.291889
 0 0.561855
 0 1.13458
 0 0.171968
 0 0.300035
 0 0.158615
 0 0.214414
 0 0.465907
 0 0.327407
 0 -0.191056
 0 0.39714
 0 0.366573
 0 0.427867
 0 0.104064
 0 0.129891
 0 0.618524
 0 0.0910351
 0 -0.242911
 0 0.262876
 0 0.431857
 0 0.305434
 0 0.510225
 0 0.418348
 0 0.340067
 0 0.0620159
 0 1.10681
 0 0.0681864
 0 0.173171
 0 0.320363
 0 0.0957213
 0 0.41756
 0 0.648282
 0 0.70302
 0 0.152861
 0 0.529407
 0 0.464585
 0 0.248961
 0 0.807295
 0 0.345057
 0 0.317263
 0 0.323805
 0 0.600148
 0 0.7512
 0 0.554257
 0 0.233936
 0 0.199452
 0 0.149538
 0 0.322169
 0 0.313796
 0 0.119663
 0 0.278814
 0 0.743177
 0 0.755774
 0 0.305963
 0 0.320612
 0 0.0150439
