603 1 0 0 1
 0 0.329149
 0 0.339952
 0 0.357473
 0 0.349814
 0 0.37367
 0 0.387471
 0 0.344586
 0 0.352947
 0 0.336706
 0 0.367705
 0 0.390905
 0 0.357176
 0 0.333544
 0 0.371612
 0 0.356925
 0 0.36342
 0 0.328153
 0 0.349693
 0 0.330529
 0 0.372411
 0 0.307999
 0 0.36153
 0 0.37209
 0 0.368995
 0 0.324436
 0 0.350081
 0 0.357481
 0 0.386487
 0 0.372608
 0 0.369944
 0 0.322921
 0 0.344522
 0 0.337047
 0 0.336732
 0 0.330456
 0 0.401011
 0 0.338209
 0 0.326188
 0 0.341827
 0 0.349586
 0 0.376331
 0 0.349014
 0 0.363749
 0 0.363277
 0 0.390719
 0 0.34079
 0 0.355377
 0 0.342628
 0 0.362953
 0 0.326347
 0 0.364554
 0 0.38234
 0 0.349431
 0 0.338304
 0 0.425148
 0 0.367687
 0 0.385161
 0 0.367166
 0 0.326415
 0 0.362268
 0 0.365711
 0 0.360226
 0 0.343581
 0 0.36654
 0 0.338677
 0 0.348382
 0 0.323969
 0 0.32865
 0 0.371839
 0 0.361661
 0 0.345337
 0 0.372718
 0 0.3646
 0 0.362535
 0 0.402623
 0 0.308563
 0 0.367195
 0 0.340163
 0 0.371261
 0 0.366975
 0 0.344025
 0 0.341812
 0 0.363376
 0 0.363011
 0 0.328614
 0 0.368689
 0 0.336259
 0 0.381431
 0 0.349575
 0 0.34849
 0 0.37309
 0 0.353749
 0 0.342249
 0 0.383668
 0 0.361955
 0 0.341568
 0 0.308848
 0 0.370124
 0 0.371457
 0 0.35795
 0 0.35214
 0 0.350359
 0 0.341734
 0 0.341626
 0 0.372336
 0 0.35263
 0 0.365171
 0 0.36685
 0 0.356506
 0 0.336249
 0 0.366149
 0 0.295378
 0 0.326225
 0 0.332919
 0 0.333546
 0 0.360057
 0 0.337591
 0 0.416807
 0 0.366802
 0 0.343696
 0 0.342565
 0 0.362257
 0 0.381308
 0 0.359333
 0 0.361919
 0 0.347742
 0 0.381923
 0 0.35803
 0 0.3505
 0 0.347271
 0 0.375769
 0 0.333088
 0 0.361741
 0 0.368327
 0 0.333439
 0 0.361167
 0 0.332752
 0 0.333904
 0 0.350823
 0 0.397753
 0 0.364024
 0 0.343949
 0 0.334008
 0 0.386548
 0 0.352011
 0 0.373301
 0 0.368522
 0 0.370419
 0 0.345171
 0 0.367723
 0 0.378215
 0 0.357527
 0 0.32302
 0 0.361913
 0 0.369269
 0 0.34877
 0 0.372021
 0 0.396029
 0 0.353244
 0 0.343807
 0 0.376834
 0 0.355487
 0 0.341218
 0 0.323306
 0 0.364388
 0 0.349724
 0 0.377272
 0 0.337207
 0 0.371712
 0 0.353895
 0 0.368291
 0 0.351699
 0 0.336153
 0 0.374173
 0 0.351487
 0 0.367262
 0 0.360821
 0 0.353771
 0 0.345292
 0 0.32612
 0 0.354326
 0 0.363994
 0 0.340769
 0 0.343083
 0 0.347129
 0 0.358143
 0 0.300137
 0 0.311284
 0 0.369063
 0 0.371343
 0 0.336888
 0 0.367132
 0 0.324187
 0 0.31117
 0 0.330787
 0 0.366316
 0 0.36648
 0 0.315252
 0 0.346771
 0 0.339049
 0 0.391609
 0 0.363067
 0 0.354273
 0 0.336488
 0 0.336716
 0 0.358187
 0 0.354513
 0 0.359317
 0 0.356043
 0 0.326494
 0 0.385553
 0 0.369842
 0 0.311336
 0 0.37193
 0 0.374212
 0 0.360101
 0 0.363691
 0 0.362046
 0 0.359802
 0 0.349147
 0 0.331085
 0 0.32284
 0 0.356161
 0 0.38319
 0 0.345547
 0 0.345876
 0 0.339837
 0 0.372424
 0 0.336936
 0 0.365262
 0 0.321875
 0 0.381006
 0 0.346742
 0 0.341124
 0 0.342241
 0 0.358934
 0 0.330108
 0 0.354626
 0 0.342189
 0 0.341651
 0 0.329559
 0 0.354959
 0 0.3447
 0 0.379548
 0 0.338281
 0 0.409593
 0 0.393049
 0 0.329602
 0 0.323276
 0 0.335403
 0 0.377312
 0 0.387328
 0 0.35682
 0 0.373286
 0 0.351562
 0 0.334781
 0 0.33738
 0 0.358825
 0 0.364691
 0 0.325297
 0 0.367405
 0 0.346505
 0 0.334506
 0 0.336325
 0 0.390228
 0 0.343262
 0 0.34178
 0 0.379383
 0 0.350242
 0 0.356689
 0 0.383877
 0 0.350904
 0 0.347006
 0 0.369785
 0 0.385719
 0 0.366122
 0 0.304767
 0 0.351514
 0 0.347703
 0 0.324669
 0 0.393645
 0 0.363773
 0 0.340441
 0 0.360552
 0 0.371013
 0 0.357608
 0 0.395604
 0 0.362898
 0 0.352871
 0 0.376983
 0 0.3759
 0 0.325334
 0 0.347979
 0 0.344732
 0 0.37521
 0 0.351082
 0 0.379059
 0 0.385332
 0 0.35553
 0 0.208782
 0 0.369338
 0 0.391965
 0 0.317065
 0 0.298296
 0 0.365879
 0 0.369517
 0 0.402809
 0 0.334604
 0 0.338779
 0 0.371714
 0 0.337897
 0 0.357439
 0 0.360478
 0 0.3809
 0 0.338415
 0 0.385119
 0 0.380105
 0 0.349404
 0 0.364744
 0 0.36175
 0 0.33451
 0 0.353063
 0 0.365625
 0 0.376091
 0 0.364084
 0 0.332743
 0 0.356106
 0 0.34874
 0 0.365995
 0 0.364567
 0 0.362487
 0 0.379444
 0 0.371453
 0 0.36389
 0 0.350089
 0 0.361199
 0 0.36145
 0 0.342035
 0 0.364507
 0 0.379889
 0 0.315245
 0 0.381105
 0 0.371968
 0 0.364667
 0 0.327315
 0 0.365806
 0 0.394707
 0 0.275983
 0 0.329151
 0 0.353762
 0 0.372518
 0 0.294646
 0 0.384442
 0 0.375642
 0 0.425902
 0 0.347549
 0 0.358527
 0 0.339938
 0 0.369046
 0 0.32881
 0 0.357606
 0 0.371885
 0 0.330193
 0 0.371735
 0 0.322459
 0 0.304244
 0 0.350174
 0 0.361394
 0 0.348857
 0 0.382196
 0 0.341707
 0 0.350092
 0 0.352525
 0 0.369916
 0 0.396174
 0 0.341891
 0 0.326659
 0 0.38043
 0 0.349594
 0 0.377819
 0 0.359816
 0 0.365584
 0 0.341896
 0 0.357567
 0 0.34348
 0 0.349368
 0 0.351556
 0 0.329827
 0 0.313754
 0 0.355935
 0 0.317366
 0 0.333073
 0 0.362126
 0 0.35954
 0 0.348089
 0 0.336232
 0 0.328258
 0 0.366761
 0 0.361943
 0 0.350994
 0 0.350894
 0 0.384243
 0 0.38608
 0 0.382113
 0 0.364886
 0 0.325052
 0 0.365118
 0 0.382972
 0 0.324393
 0 0.327454
 0 0.336368
 0 0.368881
 0 0.34022
 0 0.347708
 0 0.359676
 0 0.327336
 0 0.357152
 0 0.337252
 0 0.366876
 0 0.356334
 0 0.347411
 0 0.349137
 0 0.352326
 0 0.32777
 0 0.315066
 0 0.365974
 0 0.334285
 0 0.341753
 0 0.387608
 0 0.386562
 0 0.327204
 0 0.350099
 0 0.385971
 0 0.371331
 0 0.352334
 0 0.347723
 0 0.346225
 0 0.368584
 0 0.328608
 0 0.335151
 0 0.359306
 0 0.361925
 0 0.385212
 0 0.370328
 0 0.349528
 0 0.36301
 0 0.38119
 0 0.411502
 0 0.349133
 0 0.387969
 0 0.37552
 0 0.339894
 0 0.327635
 0 0.355993
 0 0.365782
 0 0.399264
 0 0.330741
 0 0.359927
 0 0.352018
 0 0.327435
 0 0.373658
 0 0.395148
 0 0.379985
 0 0.339363
 0 0.370968
 0 0.368285
 0 0.365857
 0 0.381561
 0 0.350776
 0 0.344402
 0 0.349701
 0 0.404427
 0 0.394886
 0 0.320986
 0 0.398045
 0 0.370549
 0 0.352327
 0 0.329356
 0 0.364015
 0 0.317614
 0 0.39715
 0 0.386672
 0 0.392741
 0 0.316917
 0 0.37785
 0 0.355603
 0 0.359759
 0 0.349401
 0 0.371249
 0 0.375911
 0 0.357527
 0 0.349116
 0 0.37132
 0 0.345949
 0 0.337202
 0 0.321544
 0 0.371824
 0 0.35819
 0 0.325561
 0 0.353132
 0 0.353635
 0 0.372712
 0 0.383678
 0 0.370066
 0 0.394259
 0 0.330608
 0 0.355646
 0 0.370644
 0 0.360827
 0 0.349548
 0 0.367044
 0 0.368114
 0 0.365078
 0 0.359149
 0 0.348186
 0 0.348973
 0 0.365355
 0 0.343197
 0 0.321155
 0 0.410241
 0 0.356518
 0 0.315331
 0 0.416287
 0 0.350282
 0 0.387984
 0 0.372615
 0 0.318393
 0 0.394725
 0 0.366572
 0 0.299404
 0 0.335008
 0 0.348937
 0 0.374803
 0 0.350784
 0 0.336716
 0 0.342465
 0 0.338224
 0 0.383355
 0 0.350365
 0 0.372417
 0 0.369059
 0 0.364918
 0 0.380687
 0 0.38509
 0 0.323332
 0 0.349331
 0 0.377653
 0 0.375966
 0 0.30668
 0 0.375042
 0 0.438464
 0 0.352345
 0 0.323402
 0 0.376302
 0 0.340153
 0 0.311254
 0 0.377904
 0 0.356977
 0 0.319447
 0 0.349094
 0 0.387318
 0 0.355528
 0 0.351184
 0 0.375028
 0 0.318419
 0 0.346153
 0 0.366271
 0 0.378141
 0 0.359175
 0 0.321068
 0 0.31617
 0 0.358096
 0 0.381554
 0 0.36139
 0 0.336378
 0 0.359636
 0 0.360364
 0 0.371436
 0 0.360886
 0 0.333608
 0 0.377028
 0 0.298422
 0 0.389108
 0 0.34209
 0 0.360999
 0 0.3489
 0 0.35651
 0 0.344872
 0 0.319429
 0 0.352383
 0 0.349402
 0 0.369955
 0 0.365288
 0 0.350725
 0 0.360005
 0 0.412131
 0 0.359894
 0 0.381813
 0 0.335771
 0 0.372161
 0 0.363626
 0 0.356358
 0 0.385106
