603 1 0 0 1
 0 0.362287
 0 0.399995
 0 0.390103
 0 0.370123
 0 0.394212
 0 0.432116
 0 0.365259
 0 0.386229
 0 0.373308
 0 0.401665
 0 0.418224
 0 0.375203
 0 0.368767
 0 0.388004
 0 0.393426
 0 0.382989
 0 0.366229
 0 0.389152
 0 0.356022
 0 0.423723
 0 0.353175
 0 0.39096
 0 0.392829
 0 0.409797
 0 0.354614
 0 0.382275
 0 0.397637
 0 0.410973
 0 0.397521
 0 0.392489
 0 0.361263
 0 0.385444
 0 0.372358
 0 0.39653
 0 0.376251
 0 0.434858
 0 0.376874
 0 0.350716
 0 0.367968
 0 0.341796
 0 0.403855
 0 0.371257
 0 0.41253
 0 0.400799
 0 0.428649
 0 0.356872
 0 0.373176
 0 0.386524
 0 0.399999
 0 0.362772
 0 0.384449
 0 0.415822
 0 0.373657
 0 0.341724
 0 0.459376
 0 0.399383
 0 0.401378
 0 0.396143
 0 0.356009
 0 0.391708
 0 0.424431
 0 0.389334
 0 0.361195
 0 0.394239
 0 0.359787
 0 0.400704
 0 0.329154
 0 0.342271
 0 0.399626
 0 0.390711
 0 0.36366
 0 0.426071
 0 0.39496
 0 0.385463
 0 0.435566
 0 0.353713
 0 0.393339
 0 0.364524
 0 0.404428
 0 0.384879
 0 0.375978
 0 0.373368
 0 0.38145
 0 0.386764
 0 0.365103
 0 0.402358
 0 0.351424
 0 0.419178
 0 0.382201
 0 0.368939
 0 0.409484
 0 0.382103
 0 0.370796
 0 0.411447
 0 0.411989
 0 0.365555
 0 0.347722
 0 0.396147
 0 0.385794
 0 0.396976
 0 0.391509
 0 0.372889
 0 0.363667
 0 0.399005
 0 0.407255
 0 0.402823
 0 0.394149
 0 0.405833
 0 0.41407
 0 0.360633
 0 0.413245
 0 0.294724
 0 0.381692
 0 0.358165
 0 0.37633
 0 0.407071
 0 0.371357
 0 0.439731
 0 0.408789
 0 0.380156
 0 0.376839
 0 0.393352
 0 0.398596
 0 0.394312
 0 0.379558
 0 0.385696
 0 0.411392
 0 0.398123
 0 0.375472
 0 0.371007
 0 0.416039
 0 0.378422
 0 0.392903
 0 0.402371
 0 0.371052
 0 0.391729
 0 0.370048
 0 0.371352
 0 0.382091
 0 0.416214
 0 0.411105
 0 0.386956
 0 0.345506
 0 0.413546
 0 0.380434
 0 0.404216
 0 0.386246
 0 0.388678
 0 0.382754
 0 0.412209
 0 0.407701
 0 0.398333
 0 0.366738
 0 0.38273
 0 0.381989
 0 0.37616
 0 0.386138
 0 0.40034
 0 0.391059
 0 0.374056
 0 0.390178
 0 0.389539
 0 0.373611
 0 0.370851
 0 0.387132
 0 0.376605
 0 0.395851
 0 0.379493
 0 0.394604
 0 0.390739
 0 0.401136
 0 0.37904
 0 0.36777
 0 0.420983
 0 0.40238
 0 0.404448
 0 0.407175
 0 0.383577
 0 0.383164
 0 0.364707
 0 0.428449
 0 0.404034
 0 0.388318
 0 0.356577
 0 0.382506
 0 0.38312
 0 0.336854
 0 0.319951
 0 0.407963
 0 0.400053
 0 0.376454
 0 0.400345
 0 0.352489
 0 0.356705
 0 0.378351
 0 0.404982
 0 0.392717
 0 0.3792
 0 0.374644
 0 0.33186
 0 0.420045
 0 0.393441
 0 0.3853
 0 0.35376
 0 0.418056
 0 0.400479
 0 0.383334
 0 0.396947
 0 0.367993
 0 0.348804
 0 0.390012
 0 0.403015
 0 0.357106
 0 0.393448
 0 0.407904
 0 0.381098
 0 0.399635
 0 0.390622
 0 0.385529
 0 0.399092
 0 0.360691
 0 0.357239
 0 0.377291
 0 0.417717
 0 0.369233
 0 0.388286
 0 0.364632
 0 0.423574
 0 0.358091
 0 0.41148
 0 0.34403
 0 0.412549
 0 0.364014
 0 0.341809
 0 0.393379
 0 0.40101
 0 0.358303
 0 0.425556
 0 0.335323
 0 0.374
 0 0.392941
 0 0.377212
 0 0.367007
 0 0.41515
 0 0.379351
 0 0.418771
 0 0.394455
 0 0.343617
 0 0.376609
 0 0.373365
 0 0.405659
 0 0.427356
 0 0.383814
 0 0.402812
 0 0.387248
 0 0.328353
 0 0.33715
 0 0.383555
 0 0.399049
 0 0.358126
 0 0.398794
 0 0.377446
 0 0.360227
 0 0.364294
 0 0.420288
 0 0.369204
 0 0.385462
 0 0.407767
 0 0.395311
 0 0.38581
 0 0.412859
 0 0.38378
 0 0.395526
 0 0.390444
 0 0.415607
 0 0.407533
 0 0.320698
 0 0.371588
 0 0.382013
 0 0.34188
 0 0.415734
 0 0.399727
 0 0.37829
 0 0.394707
 0 0.384776
 0 0.382586
 0 0.408604
 0 0.385226
 0 0.384067
 0 0.412981
 0 0.377284
 0 0.354043
 0 0.379115
 0 0.358292
 0 0.405726
 0 0.380204
 0 0.410577
 0 0.391735
 0 0.389925
 0 0.317399
 0 0.394056
 0 0.416036
 0 0.340193
 0 0.319558
 0 0.380944
 0 0.387736
 0 0.439803
 0 0.382298
 0 0.357806
 0 0.386892
 0 0.38152
 0 0.358062
 0 0.388217
 0 0.41104
 0 0.371992
 0 0.428391
 0 0.387488
 0 0.350297
 0 0.397231
 0 0.386668
 0 0.376767
 0 0.382301
 0 0.406937
 0 0.395183
 0 0.402981
 0 0.372193
 0 0.346652
 0 0.36846
 0 0.398475
 0 0.385866
 0 0.401744
 0 0.411623
 0 0.394488
 0 0.402777
 0 0.37353
 0 0.384979
 0 0.39931
 0 0.371412
 0 0.388779
 0 0.406841
 0 0.332186
 0 0.40195
 0 0.410642
 0 0.401154
 0 0.358218
 0 0.389487
 0 0.424821
 0 0.350586
 0 0.334719
 0 0.366898
 0 0.433681
 0 0.33772
 0 0.413643
 0 0.409371
 0 0.467697
 0 0.392222
 0 0.402415
 0 0.372357
 0 0.412716
 0 0.362182
 0 0.383331
 0 0.395971
 0 0.335473
 0 0.411222
 0 0.374422
 0 0.311925
 0 0.389739
 0 0.388428
 0 0.39268
 0 0.41195
 0 0.380719
 0 0.383059
 0 0.391258
 0 0.395582
 0 0.435679
 0 0.371108
 0 0.370446
 0 0.415353
 0 0.371333
 0 0.394966
 0 0.403691
 0 0.394138
 0 0.377714
 0 0.380942
 0 0.400503
 0 0.38268
 0 0.384806
 0 0.348504
 0 0.321231
 0 0.381171
 0 0.357629
 0 0.374433
 0 0.395682
 0 0.381853
 0 0.398803
 0 0.361946
 0 0.338514
 0 0.415826
 0 0.383687
 0 0.402126
 0 0.386619
 0 0.423277
 0 0.416569
 0 0.41656
 0 0.388175
 0 0.357468
 0 0.3729
 0 0.414673
 0 0.380367
 0 0.339835
 0 0.371318
 0 0.391054
 0 0.368239
 0 0.346228
 0 0.388235
 0 0.359978
 0 0.388392
 0 0.380919
 0 0.404602
 0 0.372585
 0 0.368814
 0 0.378569
 0 0.369398
 0 0.373641
 0 0.354115
 0 0.393672
 0 0.355966
 0 0.368426
 0 0.399819
 0 0.417864
 0 0.362473
 0 0.361065
 0 0.399046
 0 0.402448
 0 0.395753
 0 0.381649
 0 0.39058
 0 0.372273
 0 0.363696
 0 0.376658
 0 0.379414
 0 0.396093
 0 0.410416
 0 0.410208
 0 0.377704
 0 0.388662
 0 0.396219
 0 0.457914
 0 0.386083
 0 0.41898
 0 0.408795
 0 0.391304
 0 0.359432
 0 0.387923
 0 0.374536
 0 0.45556
 0 0.368549
 0 0.379774
 0 0.361741
 0 0.377895
 0 0.405644
 0 0.427163
 0 0.401575
 0 0.379304
 0 0.418291
 0 0.423176
 0 0.387238
 0 0.395254
 0 0.352406
 0 0.369017
 0 0.368593
 0 0.442652
 0 0.411683
 0 0.356289
 0 0.435971
 0 0.418952
 0 0.371238
 0 0.348819
 0 0.404919
 0 0.330038
 0 0.416823
 0 0.403358
 0 0.413155
 0 0.380128
 0 0.410988
 0 0.389418
 0 0.382082
 0 0.367789
 0 0.393835
 0 0.412756
 0 0.386866
 0 0.366044
 0 0.410941
 0 0.387216
 0 0.355798
 0 0.356715
 0 0.400402
 0 0.395304
 0 0.383051
 0 0.377394
 0 0.378121
 0 0.409495
 0 0.416833
 0 0.399676
 0 0.434817
 0 0.372881
 0 0.378725
 0 0.403399
 0 0.38671
 0 0.383617
 0 0.395625
 0 0.398659
 0 0.390869
 0 0.373922
 0 0.383961
 0 0.372892
 0 0.39018
 0 0.367728
 0 0.367503
 0 0.443888
 0 0.390435
 0 0.317613
 0 0.418778
 0 0.393825
 0 0.430933
 0 0.395846
 0 0.364538
 0 0.437883
 0 0.416642
 0 0.340083
 0 0.386312
 0 0.392702
 0 0.411103
 0 0.39105
 0 0.37708
 0 0.384232
 0 0.37226
 0 0.419436
 0 0.37125
 0 0.415436
 0 0.388124
 0 0.39925
 0 0.415583
 0 0.407442
 0 0.361811
 0 0.397779
 0 0.40985
 0 0.410039
 0 0.352231
 0 0.403353
 0 0.491825
 0 0.387869
 0 0.350668
 0 0.402028
 0 0.381167
 0 0.346991
 0 0.39533
 0 0.400436
 0 0.349979
 0 0.396802
 0 0.39351
 0 0.398666
 0 0.381227
 0 0.418581
 0 0.354691
 0 0.374057
 0 0.399444
 0 0.42248
 0 0.366216
 0 0.334339
 0 0.375318
 0 0.381679
 0 0.407881
 0 0.399304
 0 0.364996
 0 0.395679
 0 0.395792
 0 0.403858
 0 0.379858
 0 0.356496
 0 0.403109
 0 0.347239
 0 0.394529
 0 0.373747
 0 0.365852
 0 0.385321
 0 0.405826
 0 0.360982
 0 0.340769
 0 0.393549
 0 0.381852
 0 0.394099
 0 0.394788
 0 0.387039
 0 0.395076
 0 0.427141
 0 0.392854
 0 0.414715
 0 0.372415
 0 0.423802
 0 0.396435
 0 0.391956
 0 0.399173
