553 1 0 0 1
 0 0.321567
 0 0.348054
 0 0.400456
 0 0.377355
 0 0.424314
 0 0.34433
 0 0.467125
 0 0.356763
 0 0.369644
 0 0.379932
 0 0.284941
 0 0.386558
 0 0.379221
 0 0.389715
 0 0.344188
 0 0.397675
 0 0.347658
 0 0.433351
 0 0.393676
 0 0.351485
 0 0.317621
 0 0.408135
 0 0.366498
 0 0.31824
 0 0.371275
 0 0.312763
 0 0.384477
 0 0.36242
 0 0.360912
 0 0.359128
 0 0.360775
 0 0.255265
 0 0.329255
 0 0.499516
 0 0.371937
 0 0.335247
 0 0.463406
 0 0.396109
 0 0.31701
 0 0.368596
 0 0.342734
 0 0.340463
 0 0.328809
 0 0.310267
 0 0.36116
 0 0.340836
 0 0.433069
 0 0.381291
 0 0.359763
 0 0.350729
 0 0.371093
 0 0.337602
 0 0.36834
 0 0.224185
 0 0.396488
 0 0.39311
 0 0.302454
 0 0.282124
 0 0.369111
 0 0.376961
 0 0.400641
 0 0.359997
 0 0.297375
 0 0.392131
 0 0.369548
 0 0.443777
 0 0.250914
 0 0.289947
 0 0.397862
 0 0.382695
 0 0.383083
 0 0.379796
 0 0.348769
 0 0.314838
 0 0.306116
 0 0.44761
 0 0.383334
 0 0.377829
 0 0.3822
 0 0.353041
 0 0.360048
 0 0.365906
 0 0.419514
 0 0.348625
 0 0.297982
 0 0.371677
 0 0.352574
 0 0.31942
 0 0.289049
 0 0.292463
 0 0.447695
 0 0.339776
 0 0.416709
 0 0.349287
 0 0.270941
 0 0.338808
 0 0.305545
 0 0.424301
 0 0.379767
 0 0.412758
 0 0.376451
 0 0.373616
 0 0.398889
 0 0.317805
 0 0.348293
 0 0.409635
 0 0.328484
 0 0.36174
 0 0.361455
 0 0.320848
 0 0.353532
 0 0.376102
 0 0.357742
 0 0.319922
 0 0.350048
 0 0.406594
 0 0.376448
 0 0.366006
 0 0.40224
 0 0.347032
 0 0.320034
 0 0.353307
 0 0.349239
 0 0.408595
 0 0.372667
 0 0.274096
 0 0.372467
 0 0.446602
 0 0.35248
 0 0.4129
 0 0.326863
 0 0.328647
 0 0.351298
 0 0.33622
 0 0.338621
 0 0.309877
 0 0.387275
 0 0.346228
 0 0.331673
 0 0.395791
 0 0.396591
 0 0.331453
 0 0.360872
 0 0.365802
 0 0.360768
 0 0.420443
 0 0.384322
 0 0.358254
 0 0.319034
 0 0.373568
 0 0.325799
 0 0.366639
 0 0.352897
 0 0.346759
 0 0.270072
 0 0.412152
 0 0.336694
 0 0.350732
 0 0.320034
 0 0.380899
 0 0.412503
 0 0.359067
 0 0.375445
 0 0.441881
 0 0.38721
 0 0.345724
 0 0.323525
 0 0.410252
 0 0.317066
 0 0.362246
 0 0.346218
 0 0.311126
 0 0.45628
 0 0.332223
 0 0.348256
 0 0.3378
 0 0.366328
 0 0.371724
 0 0.317448
 0 0.385124
 0 0.338294
 0 0.412875
 0 0.354132
 0 0.349915
 0 0.293392
 0 0.358586
 0 0.373211
 0 0.360385
 0 0.301021
 0 0.437977
 0 0.399606
 0 0.331525
 0 0.338729
 0 0.36491
 0 0.346999
 0 0.321802
 0 0.298214
 0 0.365302
 0 0.308488
 0 0.449533
 0 0.287366
 0 0.379052
 0 0.412105
 0 0.343726
 0 0.344367
 0 0.337494
 0 0.284657
 0 0.358674
 0 0.501925
 0 0.357027
 0 0.269515
 0 0.366586
 0 0.354215
 0 0.311021
 0 0.401102
 0 0.389764
 0 0.477129
 0 0.328079
 0 0.338597
 0 0.400506
 0 0.287384
 0 0.308631
 0 0.373522
 0 0.354464
 0 0.357695
 0 0.404029
 0 0.298485
 0 0.375188
 0 0.396505
 0 0.332733
 0 0.35948
 0 0.44613
 0 0.349402
 0 0.390216
 0 0.29356
 0 0.269977
 0 0.357991
 0 0.348068
 0 0.398429
 0 0.376766
 0 0.371709
 0 0.369689
 0 0.354611
 0 0.340433
 0 0.343548
 0 0.435615
 0 0.420956
 0 0.325128
 0 0.327545
 0 0.417983
 0 0.342895
 0 0.342282
 0 0.359767
 0 0.312537
 0 0.398719
 0 0.306706
 0 0.437674
 0 0.283641
 0 0.376517
 0 0.410177
 0 0.303282
 0 0.372022
 0 0.332352
 0 0.375785
 0 0.42567
 0 0.357868
 0 0.428559
 0 0.357887
 0 0.359494
 0 0.426653
 0 0.374477
 0 0.334518
 0 0.366119
 0 0.418181
 0 0.447383
 0 0.406079
 0 0.527204
 0 0.328163
 0 0.365328
 0 0.368831
 0 0.346586
 0 0.350671
 0 0.352274
 0 0.316124
 0 0.322869
 0 0.462872
 0 0.370883
 0 0.335124
 0 0.349782
 0 0.379459
 0 0.344063
 0 0.383941
 0 0.362417
 0 0.383248
 0 0.300963
 0 0.391213
 0 0.348232
 0 0.364893
 0 0.372539
 0 0.304737
 0 0.363362
 0 0.284233
 0 0.409864
 0 0.413897
 0 0.378866
 0 0.342158
 0 0.348918
 0 0.358337
 0 0.508399
 0 0.295665
 0 0.405109
 0 0.276589
 0 0.447416
 0 0.393398
 0 0.366031
 0 0.297911
 0 0.452462
 0 0.384251
 0 0.386543
 0 0.355232
 0 0.343496
 0 0.330542
 0 0.328098
 0 0.328505
 0 0.419059
 0 0.411988
 0 0.262338
 0 0.476483
 0 0.249803
 0 0.379104
 0 0.428123
 0 0.257535
 0 0.432526
 0 0.423417
 0 0.451454
 0 0.355809
 0 0.358574
 0 0.396767
 0 0.360308
 0 0.427926
 0 0.407093
 0 0.361685
 0 0.35499
 0 0.375874
 0 0.321799
 0 0.347538
 0 0.36757
 0 0.360361
 0 0.427303
 0 0.339416
 0 0.369157
 0 0.385789
 0 0.325256
 0 0.414692
 0 0.401797
 0 0.370342
 0 0.458352
 0 0.397607
 0 0.401973
 0 0.250264
 0 0.289143
 0 0.350802
 0 0.381475
 0 0.316556
 0 0.304631
 0 0.351132
 0 0.291275
 0 0.489706
 0 0.341071
 0 0.335306
 0 0.360012
 0 0.387262
 0 0.35928
 0 0.269266
 0 0.329764
 0 0.364019
 0 0.312595
 0 0.395889
 0 0.433926
 0 0.397945
 0 0.337066
 0 0.366667
 0 0.407202
 0 0.399613
 0 0.381985
 0 0.45327
 0 0.326357
 0 0.407019
 0 0.38475
 0 0.350528
 0 0.369209
 0 0.37681
 0 0.397544
 0 0.370969
 0 0.311373
 0 0.372596
 0 0.294514
 0 0.428946
 0 0.346204
 0 0.385867
 0 0.398651
 0 0.354393
 0 0.413004
 0 0.436028
 0 0.329686
 0 0.380192
 0 0.346318
 0 0.441909
 0 0.399218
 0 0.350419
 0 0.35217
 0 0.256406
 0 0.362548
 0 0.349765
 0 0.350928
 0 0.334985
 0 0.372092
 0 0.486732
 0 0.398937
 0 0.423617
 0 0.38948
 0 0.337032
 0 0.379789
 0 0.392326
 0 0.413757
 0 0.34832
 0 0.324669
 0 0.310383
 0 0.434828
 0 0.34426
 0 0.403676
 0 0.360325
 0 0.35564
 0 0.340129
 0 0.357894
 0 0.413191
 0 0.280854
 0 0.392161
 0 0.350336
 0 0.351585
 0 0.350481
 0 0.349595
 0 0.401854
 0 0.336378
 0 0.348846
 0 0.322452
 0 0.378174
 0 0.345824
 0 0.283956
 0 0.350277
 0 0.348019
 0 0.30015
 0 0.357875
 0 0.375482
 0 0.344867
 0 0.449071
 0 0.308451
 0 0.36781
 0 0.391033
 0 0.332123
 0 0.410249
 0 0.341372
 0 0.387961
 0 0.308283
 0 0.347246
 0 0.334272
 0 0.3159
 0 0.29911
 0 0.320351
 0 0.415538
 0 0.394687
 0 0.395798
 0 0.300673
 0 0.259157
 0 0.368297
 0 0.35607
 0 0.410094
 0 0.348104
 0 0.305897
 0 0.333689
 0 0.476572
 0 0.362139
 0 0.322736
 0 0.367818
 0 0.344414
 0 0.303074
 0 0.423125
 0 0.34568
 0 0.389361
 0 0.3056
 0 0.361475
 0 0.393322
 0 0.388943
 0 0.368442
 0 0.272755
 0 0.312676
 0 0.323908
 0 0.417462
 0 0.431095
 0 0.506775
 0 0.360567
 0 0.259757
 0 0.379285
 0 0.418815
 0 0.403076
 0 0.385122
 0 0.322266
 0 0.480815
 0 0.357957
 0 0.390205
 0 0.376056
 0 0.348475
 0 0.356136
 0 0.308611
 0 0.314746
 0 0.331435
 0 0.353247
 0 0.38717
 0 0.370215
 0 0.365951
 0 0.317455
 0 0.274791
 0 0.44498
 0 0.342463
 0 0.284131
 0 0.341171
 0 0.333389
 0 0.381927
 0 0.344483
 0 0.360211
 0 0.29839
 0 0.353986
 0 0.385579
 0 0.314737
 0 0.430767
 0 0.352803
 0 0.299973
 0 0.272661
 0 0.327126
 0 0.38655
 0 0.410153
 0 0.371462
 0 0.394549
 0 0.386341
 0 0.359478
 0 0.32053
 0 0.411096
 0 0.28324
 0 0.355977
 0 0.431382
 0 0.385995
 0 0.355986
 0 0.384659
