553 1 0 0 1
 0 0.314449
 0 0.303759
 0 0.346595
 0 0.307352
 0 0.32444
 0 0.29464
 0 0.366626
 0 0.331467
 0 0.334039
 0 0.320605
 0 0.311525
 0 0.350316
 0 0.296144
 0 0.308671
 0 0.302084
 0 0.33063
 0 0.301772
 0 0.323941
 0 0.338308
 0 0.33283
 0 0.318279
 0 0.339938
 0 0.328974
 0 0.288492
 0 0.319836
 0 0.313652
 0 0.315631
 0 0.309975
 0 0.30566
 0 0.333972
 0 0.320739
 0 0.302035
 0 0.30301
 0 0.382746
 0 0.321459
 0 0.340299
 0 0.342567
 0 0.308406
 0 0.284334
 0 0.305542
 0 0.291166
 0 0.331794
 0 0.293349
 0 0.293198
 0 0.308602
 0 0.308856
 0 0.347411
 0 0.296363
 0 0.312076
 0 0.312488
 0 0.314859
 0 0.304705
 0 0.331218
 0 0.292977
 0 0.314579
 0 0.328494
 0 0.322166
 0 0.298574
 0 0.329727
 0 0.339711
 0 0.327669
 0 0.330787
 0 0.301093
 0 0.339743
 0 0.323343
 0 0.337386
 0 0.267993
 0 0.277069
 0 0.334482
 0 0.321544
 0 0.345042
 0 0.33914
 0 0.325244
 0 0.266735
 0 0.303948
 0 0.321162
 0 0.294126
 0 0.332507
 0 0.334778
 0 0.329977
 0 0.318152
 0 0.332017
 0 0.341791
 0 0.353047
 0 0.25804
 0 0.302022
 0 0.295055
 0 0.280395
 0 0.302826
 0 0.294965
 0 0.350921
 0 0.298068
 0 0.358778
 0 0.319355
 0 0.276364
 0 0.302716
 0 0.282936
 0 0.319969
 0 0.303225
 0 0.312757
 0 0.316169
 0 0.332043
 0 0.312111
 0 0.279384
 0 0.286678
 0 0.307689
 0 0.32033
 0 0.332916
 0 0.306257
 0 0.323179
 0 0.292346
 0 0.310889
 0 0.304475
 0 0.262342
 0 0.31151
 0 0.296386
 0 0.297916
 0 0.284223
 0 0.323226
 0 0.306177
 0 0.236605
 0 0.297367
 0 0.306373
 0 0.316184
 0 0.287427
 0 0.307044
 0 0.331926
 0 0.330172
 0 0.305906
 0 0.326181
 0 0.282061
 0 0.307001
 0 0.307175
 0 0.30338
 0 0.272833
 0 0.263946
 0 0.332194
 0 0.309385
 0 0.294555
 0 0.305853
 0 0.299016
 0 0.322871
 0 0.313044
 0 0.298701
 0 0.328108
 0 0.331043
 0 0.309199
 0 0.301673
 0 0.267405
 0 0.325603
 0 0.300277
 0 0.320887
 0 0.314005
 0 0.264591
 0 0.281828
 0 0.317265
 0 0.307965
 0 0.313442
 0 0.276626
 0 0.32182
 0 0.291088
 0 0.307687
 0 0.301022
 0 0.302222
 0 0.353363
 0 0.297738
 0 0.274532
 0 0.319565
 0 0.326136
 0 0.301294
 0 0.310832
 0 0.28393
 0 0.360894
 0 0.305651
 0 0.272393
 0 0.295118
 0 0.314408
 0 0.312864
 0 0.322888
 0 0.337598
 0 0.297626
 0 0.330684
 0 0.288917
 0 0.284015
 0 0.28525
 0 0.319016
 0 0.298117
 0 0.314463
 0 0.291562
 0 0.360799
 0 0.351905
 0 0.309463
 0 0.30845
 0 0.294007
 0 0.310272
 0 0.284088
 0 0.277697
 0 0.339409
 0 0.273132
 0 0.349729
 0 0.268403
 0 0.329585
 0 0.316808
 0 0.295163
 0 0.335958
 0 0.273084
 0 0.281335
 0 0.315832
 0 0.298665
 0 0.323501
 0 0.26576
 0 0.350758
 0 0.283268
 0 0.308246
 0 0.345076
 0 0.284035
 0 0.337149
 0 0.295331
 0 0.294791
 0 0.314854
 0 0.314971
 0 0.289867
 0 0.304706
 0 0.28918
 0 0.266303
 0 0.348729
 0 0.27752
 0 0.30556
 0 0.303966
 0 0.309846
 0 0.320527
 0 0.314443
 0 0.305878
 0 0.311042
 0 0.304858
 0 0.28831
 0 0.310733
 0 0.327773
 0 0.33676
 0 0.303098
 0 0.341148
 0 0.335701
 0 0.3062
 0 0.31712
 0 0.320104
 0 0.315647
 0 0.297133
 0 0.304268
 0 0.325397
 0 0.304252
 0 0.304617
 0 0.307773
 0 0.28341
 0 0.279503
 0 0.331793
 0 0.301548
 0 0.31553
 0 0.276524
 0 0.320708
 0 0.320743
 0 0.295105
 0 0.297064
 0 0.300668
 0 0.305047
 0 0.306963
 0 0.281433
 0 0.341083
 0 0.322005
 0 0.324906
 0 0.33165
 0 0.305664
 0 0.302062
 0 0.323818
 0 0.334697
 0 0.317615
 0 0.359342
 0 0.300589
 0 0.279167
 0 0.338056
 0 0.295003
 0 0.324136
 0 0.300291
 0 0.308734
 0 0.31283
 0 0.298627
 0 0.320507
 0 0.323936
 0 0.29039
 0 0.294405
 0 0.284325
 0 0.31208
 0 0.350685
 0 0.316137
 0 0.319338
 0 0.296407
 0 0.345486
 0 0.329228
 0 0.341743
 0 0.33113
 0 0.280837
 0 0.296291
 0 0.300426
 0 0.308845
 0 0.314982
 0 0.280421
 0 0.275469
 0 0.321064
 0 0.302178
 0 0.341087
 0 0.297208
 0 0.34738
 0 0.299906
 0 0.310622
 0 0.337066
 0 0.297783
 0 0.288023
 0 0.331978
 0 0.314716
 0 0.32527
 0 0.322056
 0 0.310958
 0 0.279539
 0 0.313318
 0 0.321745
 0 0.333609
 0 0.365386
 0 0.310962
 0 0.353308
 0 0.278236
 0 0.322593
 0 0.378936
 0 0.276336
 0 0.337251
 0 0.31909
 0 0.349809
 0 0.316532
 0 0.321159
 0 0.30755
 0 0.327951
 0 0.346543
 0 0.334618
 0 0.318277
 0 0.338857
 0 0.32163
 0 0.312336
 0 0.32972
 0 0.307915
 0 0.316496
 0 0.339868
 0 0.308616
 0 0.322314
 0 0.32335
 0 0.319139
 0 0.320296
 0 0.36449
 0 0.310453
 0 0.338323
 0 0.344641
 0 0.342767
 0 0.293183
 0 0.290178
 0 0.335382
 0 0.33103
 0 0.329279
 0 0.311215
 0 0.289558
 0 0.31155
 0 0.33692
 0 0.309185
 0 0.325247
 0 0.324822
 0 0.31539
 0 0.320656
 0 0.281858
 0 0.294843
 0 0.304559
 0 0.296438
 0 0.3126
 0 0.330215
 0 0.326597
 0 0.311162
 0 0.31061
 0 0.311373
 0 0.313732
 0 0.300165
 0 0.315823
 0 0.304293
 0 0.300442
 0 0.331024
 0 0.31228
 0 0.329896
 0 0.293878
 0 0.290737
 0 0.328573
 0 0.270486
 0 0.310348
 0 0.312752
 0 0.365054
 0 0.299551
 0 0.316073
 0 0.337724
 0 0.290097
 0 0.351344
 0 0.340645
 0 0.306996
 0 0.331898
 0 0.296552
 0 0.323224
 0 0.317014
 0 0.319602
 0 0.300513
 0 0.282116
 0 0.309639
 0 0.294943
 0 0.309045
 0 0.295966
 0 0.322021
 0 0.319789
 0 0.361286
 0 0.321887
 0 0.318841
 0 0.318802
 0 0.328053
 0 0.347692
 0 0.33823
 0 0.311497
 0 0.306579
 0 0.301707
 0 0.342168
 0 0.291486
 0 0.314298
 0 0.306659
 0 0.301178
 0 0.308913
 0 0.31173
 0 0.335859
 0 0.25704
 0 0.30449
 0 0.307425
 0 0.313285
 0 0.307959
 0 0.307137
 0 0.311671
 0 0.314948
 0 0.328994
 0 0.26009
 0 0.305783
 0 0.321297
 0 0.278705
 0 0.347055
 0 0.324017
 0 0.315729
 0 0.296682
 0 0.3182
 0 0.318999
 0 0.337003
 0 0.280904
 0 0.322146
 0 0.326799
 0 0.263022
 0 0.333918
 0 0.299531
 0 0.323243
 0 0.31046
 0 0.29316
 0 0.311679
 0 0.293529
 0 0.297822
 0 0.302735
 0 0.336886
 0 0.328654
 0 0.316645
 0 0.31133
 0 0.260186
 0 0.324921
 0 0.304805
 0 0.357236
 0 0.314654
 0 0.301746
 0 0.302965
 0 0.332273
 0 0.31867
 0 0.308429
 0 0.282216
 0 0.31557
 0 0.300903
 0 0.339699
 0 0.338978
 0 0.315135
 0 0.320735
 0 0.33282
 0 0.329352
 0 0.284653
 0 0.322079
 0 0.286691
 0 0.320487
 0 0.307
 0 0.332051
 0 0.347081
 0 0.32348
 0 0.319352
 0 0.297444
 0 0.342698
 0 0.354029
 0 0.307104
 0 0.327797
 0 0.33407
 0 0.361123
 0 0.324498
 0 0.335932
 0 0.33466
 0 0.3019
 0 0.298527
 0 0.292753
 0 0.287252
 0 0.294343
 0 0.302805
 0 0.298883
 0 0.334398
 0 0.331014
 0 0.302564
 0 0.282013
 0 0.322134
 0 0.332093
 0 0.309478
 0 0.285735
 0 0.288147
 0 0.342621
 0 0.29883
 0 0.341636
 0 0.242408
 0 0.288111
 0 0.299475
 0 0.275833
 0 0.315793
 0 0.323233
 0 0.329291
 0 0.279769
 0 0.299794
 0 0.301981
 0 0.333489
 0 0.333787
 0 0.334698
 0 0.330848
 0 0.313019
 0 0.312101
 0 0.334968
 0 0.302513
 0 0.291571
 0 0.321522
 0 0.326273
 0 0.305194
 0 0.320628
