603 1 0 0 1
 0 0.37402
 0 0.434173
 0 0.398658
 0 0.361815
 0 0.441544
 0 0.444048
 0 0.393628
 0 0.433588
 0 0.378984
 0 0.427796
 0 0.444331
 0 0.421863
 0 0.370802
 0 0.401442
 0 0.423181
 0 0.427554
 0 0.356654
 0 0.394685
 0 0.42335
 0 0.428348
 0 0.383455
 0 0.431953
 0 0.453741
 0 0.410191
 0 0.385889
 0 0.418854
 0 0.407051
 0 0.435029
 0 0.390037
 0 0.444839
 0 0.37527
 0 0.40844
 0 0.404468
 0 0.39381
 0 0.393517
 0 0.457823
 0 0.401558
 0 0.392519
 0 0.385001
 0 0.364264
 0 0.432888
 0 0.384071
 0 0.434023
 0 0.392273
 0 0.408224
 0 0.384444
 0 0.415078
 0 0.414088
 0 0.415578
 0 0.371192
 0 0.341806
 0 0.443378
 0 0.383745
 0 0.357342
 0 0.46601
 0 0.426487
 0 0.439766
 0 0.406273
 0 0.373673
 0 0.403843
 0 0.392324
 0 0.420742
 0 0.418149
 0 0.415527
 0 0.43124
 0 0.402498
 0 0.379186
 0 0.38289
 0 0.3927
 0 0.409745
 0 0.382784
 0 0.417417
 0 0.404147
 0 0.416969
 0 0.463266
 0 0.394568
 0 0.431566
 0 0.405761
 0 0.419012
 0 0.412571
 0 0.406475
 0 0.384544
 0 0.441556
 0 0.420093
 0 0.362
 0 0.420556
 0 0.380301
 0 0.443949
 0 0.402994
 0 0.408279
 0 0.434453
 0 0.434228
 0 0.423537
 0 0.461653
 0 0.412233
 0 0.380094
 0 0.366254
 0 0.443117
 0 0.413623
 0 0.416446
 0 0.401007
 0 0.386198
 0 0.408918
 0 0.406022
 0 0.430665
 0 0.402111
 0 0.423376
 0 0.4442
 0 0.386244
 0 0.391164
 0 0.394436
 0 0.329436
 0 0.388133
 0 0.384858
 0 0.391018
 0 0.405514
 0 0.372513
 0 0.513153
 0 0.427402
 0 0.430722
 0 0.409169
 0 0.405033
 0 0.431526
 0 0.406428
 0 0.426646
 0 0.395504
 0 0.467119
 0 0.433677
 0 0.391162
 0 0.413001
 0 0.431586
 0 0.376823
 0 0.412498
 0 0.448013
 0 0.404479
 0 0.418619
 0 0.369086
 0 0.365896
 0 0.412885
 0 0.439382
 0 0.45422
 0 0.397811
 0 0.416402
 0 0.421505
 0 0.40629
 0 0.42133
 0 0.415754
 0 0.451119
 0 0.386831
 0 0.440372
 0 0.419032
 0 0.413606
 0 0.350584
 0 0.442919
 0 0.407591
 0 0.378053
 0 0.437335
 0 0.423144
 0 0.41117
 0 0.404182
 0 0.427046
 0 0.406043
 0 0.383872
 0 0.364775
 0 0.44019
 0 0.410889
 0 0.428294
 0 0.393905
 0 0.413853
 0 0.411381
 0 0.44431
 0 0.395646
 0 0.382783
 0 0.432359
 0 0.400063
 0 0.394389
 0 0.436633
 0 0.401679
 0 0.395883
 0 0.403479
 0 0.426522
 0 0.411897
 0 0.393902
 0 0.424991
 0 0.430627
 0 0.413839
 0 0.352633
 0 0.408317
 0 0.454001
 0 0.428624
 0 0.410746
 0 0.398406
 0 0.404156
 0 0.356788
 0 0.385873
 0 0.428165
 0 0.41924
 0 0.37824
 0 0.415177
 0 0.403302
 0 0.447017
 0 0.449742
 0 0.415422
 0 0.417984
 0 0.409304
 0 0.376319
 0 0.390024
 0 0.393765
 0 0.42819
 0 0.38759
 0 0.434966
 0 0.43666
 0 0.328235
 0 0.447036
 0 0.455049
 0 0.434466
 0 0.438588
 0 0.427712
 0 0.424837
 0 0.397985
 0 0.418507
 0 0.390928
 0 0.388252
 0 0.432423
 0 0.382863
 0 0.39513
 0 0.39082
 0 0.429088
 0 0.380966
 0 0.442449
 0 0.375057
 0 0.445135
 0 0.410245
 0 0.354158
 0 0.413117
 0 0.426338
 0 0.40055
 0 0.389438
 0 0.374175
 0 0.402346
 0 0.3723
 0 0.388704
 0 0.391766
 0 0.423196
 0 0.349116
 0 0.461819
 0 0.455949
 0 0.397481
 0 0.388427
 0 0.395084
 0 0.446114
 0 0.437786
 0 0.420952
 0 0.468464
 0 0.421912
 0 0.385891
 0 0.382521
 0 0.416887
 0 0.400189
 0 0.371838
 0 0.437795
 0 0.414028
 0 0.357234
 0 0.379518
 0 0.427658
 0 0.382791
 0 0.419438
 0 0.425991
 0 0.405317
 0 0.428366
 0 0.440347
 0 0.398568
 0 0.434227
 0 0.418559
 0 0.430657
 0 0.417845
 0 0.367109
 0 0.439005
 0 0.421125
 0 0.386798
 0 0.451369
 0 0.419756
 0 0.396164
 0 0.40162
 0 0.411785
 0 0.41709
 0 0.445597
 0 0.431649
 0 0.428406
 0 0.445592
 0 0.440774
 0 0.391965
 0 0.425521
 0 0.404541
 0 0.426024
 0 0.41427
 0 0.423027
 0 0.439137
 0 0.385426
 0 0.284589
 0 0.412824
 0 0.472898
 0 0.400915
 0 0.352468
 0 0.418101
 0 0.422664
 0 0.432669
 0 0.409648
 0 0.417588
 0 0.401128
 0 0.373672
 0 0.410569
 0 0.397185
 0 0.444903
 0 0.369553
 0 0.431562
 0 0.421119
 0 0.423144
 0 0.40279
 0 0.415363
 0 0.394779
 0 0.412251
 0 0.42624
 0 0.437015
 0 0.429539
 0 0.414971
 0 0.395971
 0 0.421029
 0 0.410212
 0 0.423336
 0 0.415832
 0 0.428453
 0 0.435582
 0 0.423065
 0 0.406621
 0 0.417395
 0 0.420628
 0 0.413807
 0 0.43402
 0 0.412421
 0 0.34289
 0 0.421888
 0 0.426087
 0 0.413765
 0 0.396063
 0 0.413211
 0 0.441836
 0 0.378271
 0 0.416751
 0 0.382214
 0 0.410035
 0 0.367164
 0 0.446328
 0 0.417206
 0 0.482776
 0 0.405889
 0 0.408606
 0 0.366836
 0 0.424262
 0 0.383378
 0 0.395325
 0 0.403708
 0 0.385074
 0 0.442394
 0 0.410773
 0 0.363232
 0 0.410024
 0 0.41947
 0 0.382209
 0 0.42969
 0 0.415315
 0 0.403251
 0 0.412748
 0 0.43256
 0 0.441102
 0 0.400583
 0 0.41696
 0 0.43848
 0 0.397762
 0 0.424724
 0 0.431938
 0 0.427133
 0 0.410035
 0 0.424319
 0 0.414377
 0 0.413237
 0 0.39957
 0 0.381702
 0 0.36557
 0 0.419592
 0 0.374483
 0 0.394627
 0 0.408495
 0 0.398311
 0 0.418529
 0 0.372703
 0 0.370492
 0 0.40881
 0 0.422675
 0 0.412445
 0 0.421855
 0 0.472989
 0 0.432707
 0 0.422216
 0 0.424091
 0 0.380437
 0 0.442446
 0 0.452067
 0 0.398372
 0 0.408483
 0 0.400559
 0 0.41018
 0 0.398836
 0 0.398534
 0 0.416173
 0 0.380574
 0 0.421483
 0 0.397389
 0 0.382911
 0 0.417921
 0 0.40802
 0 0.370338
 0 0.418302
 0 0.398049
 0 0.36492
 0 0.404596
 0 0.398329
 0 0.402163
 0 0.429462
 0 0.437741
 0 0.404784
 0 0.446916
 0 0.454442
 0 0.437581
 0 0.40597
 0 0.407991
 0 0.426682
 0 0.434434
 0 0.406755
 0 0.379266
 0 0.419121
 0 0.415154
 0 0.436356
 0 0.427227
 0 0.416725
 0 0.421976
 0 0.417197
 0 0.445529
 0 0.412462
 0 0.43894
 0 0.436935
 0 0.425479
 0 0.378265
 0 0.415076
 0 0.416297
 0 0.430263
 0 0.41638
 0 0.443381
 0 0.423802
 0 0.388536
 0 0.427078
 0 0.43579
 0 0.438773
 0 0.429301
 0 0.427343
 0 0.4298
 0 0.422725
 0 0.427715
 0 0.417538
 0 0.407695
 0 0.388557
 0 0.500255
 0 0.455598
 0 0.339638
 0 0.452104
 0 0.44386
 0 0.423414
 0 0.382905
 0 0.393772
 0 0.389379
 0 0.424948
 0 0.437302
 0 0.438083
 0 0.384934
 0 0.429408
 0 0.415273
 0 0.374067
 0 0.424786
 0 0.434134
 0 0.414755
 0 0.427003
 0 0.40356
 0 0.439225
 0 0.403422
 0 0.398345
 0 0.395291
 0 0.407412
 0 0.431533
 0 0.452906
 0 0.387947
 0 0.437972
 0 0.434509
 0 0.457477
 0 0.430747
 0 0.423644
 0 0.378964
 0 0.408845
 0 0.44983
 0 0.4342
 0 0.408711
 0 0.429169
 0 0.409331
 0 0.418682
 0 0.403321
 0 0.43944
 0 0.408894
 0 0.406627
 0 0.42637
 0 0.369966
 0 0.475696
 0 0.445326
 0 0.400625
 0 0.437014
 0 0.433724
 0 0.43955
 0 0.444861
 0 0.394784
 0 0.425459
 0 0.422102
 0 0.363147
 0 0.390856
 0 0.404985
 0 0.444772
 0 0.402306
 0 0.417916
 0 0.439989
 0 0.368455
 0 0.426715
 0 0.420096
 0 0.39872
 0 0.441659
 0 0.424523
 0 0.434993
 0 0.451852
 0 0.409907
 0 0.451665
 0 0.471055
 0 0.417709
 0 0.368737
 0 0.450608
 0 0.438514
 0 0.413947
 0 0.408626
 0 0.458888
 0 0.406912
 0 0.383983
 0 0.414603
 0 0.431706
 0 0.363451
 0 0.393538
 0 0.411471
 0 0.418429
 0 0.441134
 0 0.407137
 0 0.379506
 0 0.367859
 0 0.454157
 0 0.402052
 0 0.437938
 0 0.386163
 0 0.37906
 0 0.392211
 0 0.444921
 0 0.435386
 0 0.387387
 0 0.412771
 0 0.431312
 0 0.436397
 0 0.406061
 0 0.396505
 0 0.433127
 0 0.376861
 0 0.461811
 0 0.408483
 0 0.43864
 0 0.441454
 0 0.415624
 0 0.420422
 0 0.345108
 0 0.404641
 0 0.415923
 0 0.365786
 0 0.421161
 0 0.385559
 0 0.418362
 0 0.488364
 0 0.417623
 0 0.426042
 0 0.424276
 0 0.426668
 0 0.417858
 0 0.399973
 0 0.41475
