553 1 0 0 1
 0 0.331779
 0 0.337742
 0 0.351166
 0 0.322728
 0 0.349254
 0 0.32554
 0 0.370937
 0 0.345881
 0 0.343937
 0 0.357246
 0 0.361336
 0 0.366422
 0 0.326025
 0 0.349604
 0 0.31202
 0 0.335231
 0 0.342012
 0 0.353914
 0 0.362195
 0 0.357213
 0 0.369917
 0 0.35502
 0 0.35981
 0 0.325895
 0 0.352884
 0 0.338564
 0 0.336538
 0 0.345773
 0 0.339888
 0 0.348845
 0 0.348031
 0 0.338074
 0 0.318811
 0 0.39582
 0 0.348907
 0 0.353339
 0 0.344083
 0 0.342786
 0 0.344264
 0 0.343759
 0 0.311896
 0 0.355838
 0 0.341441
 0 0.327207
 0 0.340878
 0 0.344858
 0 0.372225
 0 0.33655
 0 0.342203
 0 0.329751
 0 0.344844
 0 0.332392
 0 0.355714
 0 0.32582
 0 0.326334
 0 0.338557
 0 0.357464
 0 0.352347
 0 0.357768
 0 0.361123
 0 0.341358
 0 0.351672
 0 0.348459
 0 0.364641
 0 0.36744
 0 0.34977
 0 0.321986
 0 0.303142
 0 0.354875
 0 0.343577
 0 0.383468
 0 0.365062
 0 0.348359
 0 0.323902
 0 0.335414
 0 0.347839
 0 0.329549
 0 0.350151
 0 0.365984
 0 0.356131
 0 0.341382
 0 0.346452
 0 0.364412
 0 0.378199
 0 0.315387
 0 0.335445
 0 0.340335
 0 0.326489
 0 0.335328
 0 0.3298
 0 0.341941
 0 0.326913
 0 0.350768
 0 0.359553
 0 0.331563
 0 0.345727
 0 0.310658
 0 0.34715
 0 0.345304
 0 0.347611
 0 0.354125
 0 0.350462
 0 0.329717
 0 0.336746
 0 0.321348
 0 0.350908
 0 0.326606
 0 0.353577
 0 0.320451
 0 0.355469
 0 0.337576
 0 0.327651
 0 0.323955
 0 0.306166
 0 0.329428
 0 0.314595
 0 0.32132
 0 0.344736
 0 0.352567
 0 0.328172
 0 0.31254
 0 0.333758
 0 0.330171
 0 0.34043
 0 0.326771
 0 0.333802
 0 0.361274
 0 0.346315
 0 0.330639
 0 0.352871
 0 0.33607
 0 0.335793
 0 0.342861
 0 0.332663
 0 0.300543
 0 0.298277
 0 0.356354
 0 0.33145
 0 0.337591
 0 0.353352
 0 0.327441
 0 0.35933
 0 0.339682
 0 0.349289
 0 0.349421
 0 0.340089
 0 0.318796
 0 0.337192
 0 0.329935
 0 0.360226
 0 0.328051
 0 0.346591
 0 0.353266
 0 0.313131
 0 0.331434
 0 0.334123
 0 0.349299
 0 0.33654
 0 0.314635
 0 0.352743
 0 0.329918
 0 0.337552
 0 0.335681
 0 0.339106
 0 0.355839
 0 0.329703
 0 0.323755
 0 0.351445
 0 0.335271
 0 0.346127
 0 0.351072
 0 0.325514
 0 0.383462
 0 0.334074
 0 0.306359
 0 0.322858
 0 0.354479
 0 0.349586
 0 0.36901
 0 0.367844
 0 0.330562
 0 0.357952
 0 0.329056
 0 0.31942
 0 0.33144
 0 0.35198
 0 0.311421
 0 0.356649
 0 0.319693
 0 0.354891
 0 0.355833
 0 0.357094
 0 0.327189
 0 0.334575
 0 0.329447
 0 0.299906
 0 0.317618
 0 0.364158
 0 0.319264
 0 0.362674
 0 0.322438
 0 0.36213
 0 0.328423
 0 0.331087
 0 0.3446
 0 0.312935
 0 0.333503
 0 0.334701
 0 0.32162
 0 0.344852
 0 0.333455
 0 0.365434
 0 0.32585
 0 0.346998
 0 0.368009
 0 0.308857
 0 0.341589
 0 0.335938
 0 0.332699
 0 0.342107
 0 0.353226
 0 0.339342
 0 0.352122
 0 0.338833
 0 0.317425
 0 0.378175
 0 0.3422
 0 0.34412
 0 0.340681
 0 0.324188
 0 0.354865
 0 0.331545
 0 0.348549
 0 0.336469
 0 0.350804
 0 0.327787
 0 0.33543
 0 0.365243
 0 0.357706
 0 0.338842
 0 0.332501
 0 0.356739
 0 0.324812
 0 0.33647
 0 0.36112
 0 0.351153
 0 0.344878
 0 0.352831
 0 0.364659
 0 0.32878
 0 0.332901
 0 0.329802
 0 0.322688
 0 0.314687
 0 0.342006
 0 0.34868
 0 0.345728
 0 0.329277
 0 0.335729
 0 0.342803
 0 0.340114
 0 0.343955
 0 0.327488
 0 0.337473
 0 0.321017
 0 0.336526
 0 0.359258
 0 0.33704
 0 0.356621
 0 0.353942
 0 0.344282
 0 0.352977
 0 0.348791
 0 0.347719
 0 0.327178
 0 0.374588
 0 0.332251
 0 0.325794
 0 0.357726
 0 0.337564
 0 0.348014
 0 0.334955
 0 0.346843
 0 0.344542
 0 0.342427
 0 0.33228
 0 0.356161
 0 0.331641
 0 0.331155
 0 0.322617
 0 0.32675
 0 0.370834
 0 0.339971
 0 0.339952
 0 0.35107
 0 0.354428
 0 0.364839
 0 0.367228
 0 0.345915
 0 0.332169
 0 0.344564
 0 0.345209
 0 0.332269
 0 0.337219
 0 0.335628
 0 0.300726
 0 0.346085
 0 0.33703
 0 0.333501
 0 0.334436
 0 0.374137
 0 0.355991
 0 0.358334
 0 0.35261
 0 0.331734
 0 0.341371
 0 0.345943
 0 0.34312
 0 0.360648
 0 0.337027
 0 0.354532
 0 0.308082
 0 0.34209
 0 0.345686
 0 0.342061
 0 0.385757
 0 0.364609
 0 0.366725
 0 0.331589
 0 0.356247
 0 0.397716
 0 0.34795
 0 0.347801
 0 0.354549
 0 0.34954
 0 0.336078
 0 0.360912
 0 0.349785
 0 0.354572
 0 0.356328
 0 0.34785
 0 0.355385
 0 0.361977
 0 0.357077
 0 0.3578
 0 0.356441
 0 0.349752
 0 0.346358
 0 0.343327
 0 0.328658
 0 0.355644
 0 0.343534
 0 0.343308
 0 0.341641
 0 0.343744
 0 0.356904
 0 0.361141
 0 0.372069
 0 0.3439
 0 0.339639
 0 0.335991
 0 0.347677
 0 0.356754
 0 0.345973
 0 0.346893
 0 0.323493
 0 0.328154
 0 0.359757
 0 0.351868
 0 0.373696
 0 0.344669
 0 0.337208
 0 0.343555
 0 0.33696
 0 0.334506
 0 0.335175
 0 0.329632
 0 0.3471
 0 0.342201
 0 0.35576
 0 0.340544
 0 0.34719
 0 0.355295
 0 0.338034
 0 0.341606
 0 0.342109
 0 0.341537
 0 0.348931
 0 0.35702
 0 0.343265
 0 0.350052
 0 0.33956
 0 0.33782
 0 0.349174
 0 0.303764
 0 0.340741
 0 0.365131
 0 0.364031
 0 0.324861
 0 0.342256
 0 0.366987
 0 0.336928
 0 0.366781
 0 0.372091
 0 0.324974
 0 0.363591
 0 0.339164
 0 0.339659
 0 0.349697
 0 0.347736
 0 0.326252
 0 0.324136
 0 0.357048
 0 0.316286
 0 0.337899
 0 0.326753
 0 0.355949
 0 0.334518
 0 0.383422
 0 0.354257
 0 0.360505
 0 0.345919
 0 0.350871
 0 0.362686
 0 0.350483
 0 0.330328
 0 0.336815
 0 0.347091
 0 0.357093
 0 0.329294
 0 0.337076
 0 0.324006
 0 0.342387
 0 0.353927
 0 0.332702
 0 0.353708
 0 0.316954
 0 0.339529
 0 0.336015
 0 0.363995
 0 0.337273
 0 0.339476
 0 0.352522
 0 0.336272
 0 0.347147
 0 0.305194
 0 0.325768
 0 0.33636
 0 0.34105
 0 0.342701
 0 0.332632
 0 0.340456
 0 0.338259
 0 0.361811
 0 0.337255
 0 0.367873
 0 0.331678
 0 0.319454
 0 0.338773
 0 0.322311
 0 0.369833
 0 0.332772
 0 0.34599
 0 0.358896
 0 0.327441
 0 0.341475
 0 0.343787
 0 0.345225
 0 0.33034
 0 0.345406
 0 0.331036
 0 0.336395
 0 0.336395
 0 0.311897
 0 0.358561
 0 0.336032
 0 0.374973
 0 0.338919
 0 0.355816
 0 0.327399
 0 0.353277
 0 0.354632
 0 0.330102
 0 0.323079
 0 0.343496
 0 0.335502
 0 0.358164
 0 0.358623
 0 0.337929
 0 0.350181
 0 0.361421
 0 0.355582
 0 0.330011
 0 0.351458
 0 0.324258
 0 0.34685
 0 0.365497
 0 0.337889
 0 0.357676
 0 0.345859
 0 0.341723
 0 0.342962
 0 0.371729
 0 0.3594
 0 0.331802
 0 0.352749
 0 0.352775
 0 0.369731
 0 0.348651
 0 0.357393
 0 0.357416
 0 0.341412
 0 0.341615
 0 0.34253
 0 0.322969
 0 0.322807
 0 0.327091
 0 0.339686
 0 0.351945
 0 0.354741
 0 0.310886
 0 0.333742
 0 0.337714
 0 0.323395
 0 0.332596
 0 0.31984
 0 0.333359
 0 0.357825
 0 0.340534
 0 0.348865
 0 0.292701
 0 0.321631
 0 0.320516
 0 0.301789
 0 0.333744
 0 0.339722
 0 0.361673
 0 0.325308
 0 0.33732
 0 0.316473
 0 0.363103
 0 0.349457
 0 0.366336
 0 0.365852
 0 0.344879
 0 0.349734
 0 0.364006
 0 0.338469
 0 0.333923
 0 0.342821
 0 0.358118
 0 0.334379
 0 0.349664
