603 1 0 0 1
 0 0.283396
 0 0.319377
 0 0.324299
 0 0.287862
 0 0.317462
 0 0.351452
 0 0.305316
 0 0.310154
 0 0.301314
 0 0.325409
 0 0.353245
 0 0.323801
 0 0.299809
 0 0.332609
 0 0.315039
 0 0.317609
 0 0.268471
 0 0.311862
 0 0.283656
 0 0.34266
 0 0.264531
 0 0.32694
 0 0.307141
 0 0.339946
 0 0.286415
 0 0.310393
 0 0.312242
 0 0.330176
 0 0.334473
 0 0.32089
 0 0.269716
 0 0.309598
 0 0.27622
 0 0.31743
 0 0.309482
 0 0.368003
 0 0.294269
 0 0.279099
 0 0.294325
 0 0.271365
 0 0.329816
 0 0.291751
 0 0.332389
 0 0.322742
 0 0.355025
 0 0.27341
 0 0.300402
 0 0.283925
 0 0.320919
 0 0.28636
 0 0.323247
 0 0.343467
 0 0.312155
 0 0.294728
 0 0.377293
 0 0.327848
 0 0.331369
 0 0.323116
 0 0.291603
 0 0.310234
 0 0.325824
 0 0.3078
 0 0.280713
 0 0.323415
 0 0.283762
 0 0.321795
 0 0.270703
 0 0.287042
 0 0.30307
 0 0.313241
 0 0.285967
 0 0.342815
 0 0.31595
 0 0.298299
 0 0.365592
 0 0.260956
 0 0.307518
 0 0.291563
 0 0.320304
 0 0.303419
 0 0.305612
 0 0.311931
 0 0.320657
 0 0.333777
 0 0.281195
 0 0.34453
 0 0.30641
 0 0.344559
 0 0.317738
 0 0.303627
 0 0.318464
 0 0.323263
 0 0.286496
 0 0.345759
 0 0.334403
 0 0.293595
 0 0.266586
 0 0.322122
 0 0.317502
 0 0.330943
 0 0.298129
 0 0.297167
 0 0.289592
 0 0.316903
 0 0.333394
 0 0.320196
 0 0.324375
 0 0.316297
 0 0.324043
 0 0.262955
 0 0.337602
 0 0.213889
 0 0.300777
 0 0.299995
 0 0.284807
 0 0.324883
 0 0.298697
 0 0.369008
 0 0.326448
 0 0.291316
 0 0.30321
 0 0.321524
 0 0.363147
 0 0.301503
 0 0.317545
 0 0.314017
 0 0.339679
 0 0.323562
 0 0.30371
 0 0.302005
 0 0.335665
 0 0.299178
 0 0.308018
 0 0.337623
 0 0.29316
 0 0.315783
 0 0.285239
 0 0.290223
 0 0.311762
 0 0.342353
 0 0.329134
 0 0.307317
 0 0.287319
 0 0.333118
 0 0.315949
 0 0.333127
 0 0.31905
 0 0.320433
 0 0.303601
 0 0.339761
 0 0.336698
 0 0.329731
 0 0.278134
 0 0.310092
 0 0.32505
 0 0.305266
 0 0.321007
 0 0.344466
 0 0.324256
 0 0.31121
 0 0.325995
 0 0.324779
 0 0.292329
 0 0.282368
 0 0.320205
 0 0.30601
 0 0.331281
 0 0.286652
 0 0.338152
 0 0.314255
 0 0.329594
 0 0.307808
 0 0.287975
 0 0.343022
 0 0.31918
 0 0.321823
 0 0.317706
 0 0.325783
 0 0.301296
 0 0.282574
 0 0.341599
 0 0.325396
 0 0.305653
 0 0.307157
 0 0.312661
 0 0.313143
 0 0.261562
 0 0.234025
 0 0.334622
 0 0.325329
 0 0.275527
 0 0.326843
 0 0.272362
 0 0.26174
 0 0.289224
 0 0.322102
 0 0.335165
 0 0.282052
 0 0.28925
 0 0.276001
 0 0.364879
 0 0.317603
 0 0.308545
 0 0.256072
 0 0.303052
 0 0.320424
 0 0.31409
 0 0.316209
 0 0.300572
 0 0.277444
 0 0.33148
 0 0.333185
 0 0.28881
 0 0.327702
 0 0.329794
 0 0.318516
 0 0.33478
 0 0.308156
 0 0.329888
 0 0.306079
 0 0.299372
 0 0.272807
 0 0.314219
 0 0.345791
 0 0.293256
 0 0.311722
 0 0.295202
 0 0.349946
 0 0.288472
 0 0.313993
 0 0.268569
 0 0.346965
 0 0.289419
 0 0.276864
 0 0.315031
 0 0.31989
 0 0.296462
 0 0.344773
 0 0.267918
 0 0.283677
 0 0.298903
 0 0.288365
 0 0.315061
 0 0.344459
 0 0.305358
 0 0.358314
 0 0.341269
 0 0.272487
 0 0.30479
 0 0.28873
 0 0.327717
 0 0.337355
 0 0.305187
 0 0.33222
 0 0.328071
 0 0.264916
 0 0.280893
 0 0.299226
 0 0.325025
 0 0.277822
 0 0.317373
 0 0.31106
 0 0.294165
 0 0.293569
 0 0.35885
 0 0.294269
 0 0.292411
 0 0.336877
 0 0.298773
 0 0.323885
 0 0.341561
 0 0.302249
 0 0.3145
 0 0.319441
 0 0.341118
 0 0.344338
 0 0.256156
 0 0.306413
 0 0.309442
 0 0.282832
 0 0.361679
 0 0.3126
 0 0.303538
 0 0.3169
 0 0.326459
 0 0.298406
 0 0.346739
 0 0.30837
 0 0.310059
 0 0.34836
 0 0.310932
 0 0.25201
 0 0.311288
 0 0.281767
 0 0.323606
 0 0.307338
 0 0.353995
 0 0.324729
 0 0.314056
 0 0.215114
 0 0.322862
 0 0.349847
 0 0.280924
 0 0.247507
 0 0.310598
 0 0.310533
 0 0.375753
 0 0.302227
 0 0.30355
 0 0.318408
 0 0.289063
 0 0.301953
 0 0.307722
 0 0.34189
 0 0.302901
 0 0.338438
 0 0.341873
 0 0.316798
 0 0.324572
 0 0.321016
 0 0.312385
 0 0.299566
 0 0.335264
 0 0.330019
 0 0.346646
 0 0.300352
 0 0.313267
 0 0.303463
 0 0.336287
 0 0.312527
 0 0.32749
 0 0.332883
 0 0.322581
 0 0.330056
 0 0.29841
 0 0.323056
 0 0.308137
 0 0.294339
 0 0.325215
 0 0.338994
 0 0.280749
 0 0.337339
 0 0.325369
 0 0.318965
 0 0.287948
 0 0.321219
 0 0.349366
 0 0.267407
 0 0.27204
 0 0.287992
 0 0.335973
 0 0.257152
 0 0.336526
 0 0.343228
 0 0.391305
 0 0.31902
 0 0.299666
 0 0.299055
 0 0.345445
 0 0.27637
 0 0.308321
 0 0.315771
 0 0.260658
 0 0.336667
 0 0.284923
 0 0.247288
 0 0.31474
 0 0.316706
 0 0.316682
 0 0.329135
 0 0.302291
 0 0.296034
 0 0.31117
 0 0.325666
 0 0.351399
 0 0.287644
 0 0.295572
 0 0.338185
 0 0.313063
 0 0.332585
 0 0.332706
 0 0.315764
 0 0.302203
 0 0.31317
 0 0.311621
 0 0.308285
 0 0.311034
 0 0.278716
 0 0.241093
 0 0.310635
 0 0.272476
 0 0.29162
 0 0.320977
 0 0.323494
 0 0.318833
 0 0.296032
 0 0.283248
 0 0.318526
 0 0.317372
 0 0.323056
 0 0.312703
 0 0.34123
 0 0.347084
 0 0.329293
 0 0.333106
 0 0.285579
 0 0.313831
 0 0.342007
 0 0.304175
 0 0.279509
 0 0.274615
 0 0.312078
 0 0.306579
 0 0.279458
 0 0.315457
 0 0.29847
 0 0.314457
 0 0.307268
 0 0.33057
 0 0.306795
 0 0.321596
 0 0.307176
 0 0.300916
 0 0.289265
 0 0.286818
 0 0.33081
 0 0.293495
 0 0.297701
 0 0.334697
 0 0.355407
 0 0.295182
 0 0.309661
 0 0.321706
 0 0.324706
 0 0.333216
 0 0.310408
 0 0.322492
 0 0.312213
 0 0.290254
 0 0.295465
 0 0.317038
 0 0.315874
 0 0.340678
 0 0.331943
 0 0.30991
 0 0.312261
 0 0.33242
 0 0.390928
 0 0.3043
 0 0.35901
 0 0.329342
 0 0.306173
 0 0.272829
 0 0.316783
 0 0.311561
 0 0.375448
 0 0.302071
 0 0.32415
 0 0.300627
 0 0.303065
 0 0.328595
 0 0.359134
 0 0.316848
 0 0.310704
 0 0.334387
 0 0.333929
 0 0.32174
 0 0.346372
 0 0.296002
 0 0.312884
 0 0.304281
 0 0.380312
 0 0.342958
 0 0.268192
 0 0.359472
 0 0.340947
 0 0.291992
 0 0.287031
 0 0.323356
 0 0.271575
 0 0.358846
 0 0.342414
 0 0.358545
 0 0.267107
 0 0.345543
 0 0.30808
 0 0.307488
 0 0.292911
 0 0.327317
 0 0.342164
 0 0.313859
 0 0.321032
 0 0.339451
 0 0.305982
 0 0.295925
 0 0.269738
 0 0.320936
 0 0.309684
 0 0.300976
 0 0.317138
 0 0.288033
 0 0.337575
 0 0.340052
 0 0.33318
 0 0.36504
 0 0.247679
 0 0.305353
 0 0.33612
 0 0.303489
 0 0.30047
 0 0.318106
 0 0.321924
 0 0.321781
 0 0.312692
 0 0.291821
 0 0.302167
 0 0.329793
 0 0.303335
 0 0.275818
 0 0.378447
 0 0.31951
 0 0.255654
 0 0.356998
 0 0.331989
 0 0.356849
 0 0.304246
 0 0.261682
 0 0.378027
 0 0.343219
 0 0.258029
 0 0.290342
 0 0.321499
 0 0.338445
 0 0.306395
 0 0.294692
 0 0.302415
 0 0.302248
 0 0.357473
 0 0.305346
 0 0.325167
 0 0.320164
 0 0.318379
 0 0.337782
 0 0.336156
 0 0.294406
 0 0.321114
 0 0.354929
 0 0.337434
 0 0.281676
 0 0.326127
 0 0.419783
 0 0.310016
 0 0.280241
 0 0.334197
 0 0.305054
 0 0.270423
 0 0.335371
 0 0.325885
 0 0.263687
 0 0.330056
 0 0.327093
 0 0.322951
 0 0.305336
 0 0.346918
 0 0.274286
 0 0.317689
 0 0.310432
 0 0.351236
 0 0.340525
 0 0.259008
 0 0.309353
 0 0.291922
 0 0.332872
 0 0.306388
 0 0.284108
 0 0.32103
 0 0.313134
 0 0.332581
 0 0.323755
 0 0.285316
 0 0.32537
 0 0.276327
 0 0.32295
 0 0.300998
 0 0.336064
 0 0.306097
 0 0.31762
 0 0.28603
 0 0.264304
 0 0.316236
 0 0.282239
 0 0.320914
 0 0.329833
 0 0.309553
 0 0.321572
 0 0.36918
 0 0.31051
 0 0.342892
 0 0.302792
 0 0.341437
 0 0.308099
 0 0.310254
 0 0.342206
