553 1 0 0 1
 0 0.306184
 0 0.305476
 0 0.336818
 0 0.317826
 0 0.336699
 0 0.306615
 0 0.352667
 0 0.322033
 0 0.32007
 0 0.341243
 0 0.337668
 0 0.331346
 0 0.306585
 0 0.326652
 0 0.301699
 0 0.312012
 0 0.320549
 0 0.330114
 0 0.340478
 0 0.337572
 0 0.340846
 0 0.339441
 0 0.334142
 0 0.29388
 0 0.330243
 0 0.312318
 0 0.317834
 0 0.322938
 0 0.315793
 0 0.329076
 0 0.33297
 0 0.321907
 0 0.305298
 0 0.361536
 0 0.335133
 0 0.332119
 0 0.330691
 0 0.323095
 0 0.322308
 0 0.312099
 0 0.301414
 0 0.337621
 0 0.320508
 0 0.309298
 0 0.317333
 0 0.317504
 0 0.348446
 0 0.3268
 0 0.3258
 0 0.316678
 0 0.32215
 0 0.325412
 0 0.344028
 0 0.317963
 0 0.302141
 0 0.329313
 0 0.332386
 0 0.319952
 0 0.332189
 0 0.336329
 0 0.334839
 0 0.322318
 0 0.323048
 0 0.338827
 0 0.351394
 0 0.313427
 0 0.294478
 0 0.293263
 0 0.321435
 0 0.317531
 0 0.341562
 0 0.354236
 0 0.324808
 0 0.299711
 0 0.327557
 0 0.333204
 0 0.302074
 0 0.318671
 0 0.3478
 0 0.334
 0 0.330626
 0 0.328841
 0 0.326922
 0 0.336546
 0 0.300864
 0 0.315505
 0 0.325972
 0 0.311274
 0 0.323023
 0 0.307143
 0 0.321577
 0 0.321309
 0 0.333045
 0 0.323646
 0 0.31205
 0 0.322782
 0 0.274821
 0 0.311991
 0 0.314688
 0 0.319844
 0 0.336192
 0 0.331707
 0 0.307427
 0 0.315183
 0 0.313462
 0 0.325402
 0 0.307756
 0 0.316878
 0 0.305575
 0 0.329543
 0 0.318407
 0 0.31147
 0 0.308071
 0 0.290067
 0 0.313338
 0 0.298786
 0 0.298866
 0 0.324176
 0 0.335652
 0 0.298165
 0 0.259346
 0 0.300282
 0 0.323206
 0 0.327878
 0 0.309325
 0 0.321197
 0 0.327685
 0 0.324069
 0 0.329561
 0 0.319848
 0 0.312458
 0 0.315169
 0 0.31207
 0 0.314628
 0 0.283114
 0 0.29751
 0 0.32864
 0 0.315817
 0 0.323173
 0 0.336149
 0 0.311689
 0 0.326685
 0 0.308771
 0 0.320534
 0 0.323863
 0 0.329084
 0 0.321803
 0 0.32018
 0 0.307713
 0 0.331786
 0 0.319603
 0 0.335215
 0 0.321034
 0 0.293483
 0 0.310465
 0 0.308003
 0 0.320814
 0 0.317676
 0 0.306917
 0 0.325406
 0 0.305448
 0 0.318013
 0 0.310074
 0 0.306369
 0 0.347013
 0 0.316058
 0 0.301036
 0 0.324988
 0 0.329052
 0 0.32972
 0 0.330914
 0 0.316059
 0 0.346511
 0 0.307041
 0 0.291328
 0 0.316474
 0 0.334805
 0 0.32696
 0 0.341638
 0 0.327941
 0 0.310333
 0 0.330201
 0 0.310207
 0 0.294938
 0 0.307841
 0 0.32562
 0 0.287628
 0 0.322179
 0 0.286647
 0 0.325265
 0 0.336585
 0 0.318578
 0 0.305321
 0 0.319763
 0 0.305255
 0 0.274122
 0 0.303898
 0 0.334649
 0 0.299943
 0 0.335738
 0 0.319588
 0 0.332569
 0 0.301821
 0 0.300279
 0 0.321813
 0 0.285521
 0 0.311712
 0 0.316709
 0 0.305919
 0 0.334041
 0 0.305571
 0 0.333518
 0 0.314847
 0 0.320009
 0 0.343808
 0 0.308959
 0 0.318986
 0 0.312988
 0 0.327072
 0 0.308409
 0 0.321576
 0 0.329037
 0 0.31612
 0 0.322324
 0 0.311597
 0 0.35067
 0 0.320761
 0 0.32829
 0 0.319932
 0 0.299468
 0 0.344629
 0 0.311497
 0 0.327248
 0 0.323027
 0 0.320423
 0 0.306041
 0 0.314129
 0 0.333116
 0 0.328361
 0 0.315113
 0 0.322295
 0 0.32224
 0 0.300428
 0 0.324031
 0 0.336144
 0 0.333444
 0 0.322858
 0 0.323017
 0 0.337275
 0 0.309733
 0 0.305352
 0 0.32173
 0 0.292132
 0 0.30338
 0 0.335196
 0 0.325217
 0 0.324275
 0 0.305532
 0 0.316039
 0 0.314792
 0 0.314761
 0 0.326329
 0 0.310633
 0 0.315598
 0 0.309822
 0 0.321066
 0 0.332109
 0 0.316549
 0 0.319774
 0 0.313712
 0 0.333272
 0 0.335073
 0 0.32576
 0 0.333785
 0 0.309466
 0 0.341437
 0 0.316137
 0 0.302473
 0 0.318683
 0 0.312809
 0 0.319991
 0 0.3165
 0 0.326388
 0 0.319656
 0 0.326411
 0 0.304912
 0 0.333653
 0 0.322854
 0 0.306124
 0 0.307685
 0 0.326978
 0 0.332257
 0 0.317893
 0 0.300628
 0 0.324721
 0 0.341741
 0 0.341889
 0 0.341218
 0 0.326394
 0 0.310412
 0 0.316148
 0 0.314717
 0 0.305002
 0 0.323016
 0 0.315953
 0 0.295708
 0 0.338888
 0 0.310557
 0 0.324142
 0 0.314743
 0 0.347657
 0 0.330913
 0 0.331283
 0 0.332552
 0 0.30209
 0 0.328514
 0 0.329416
 0 0.326499
 0 0.334484
 0 0.312554
 0 0.314645
 0 0.29606
 0 0.314344
 0 0.329951
 0 0.315139
 0 0.360571
 0 0.339413
 0 0.338938
 0 0.317351
 0 0.332053
 0 0.382947
 0 0.313934
 0 0.329932
 0 0.323064
 0 0.318212
 0 0.31028
 0 0.32992
 0 0.329441
 0 0.336108
 0 0.32305
 0 0.318966
 0 0.334476
 0 0.341046
 0 0.347713
 0 0.326811
 0 0.327594
 0 0.329954
 0 0.324007
 0 0.320104
 0 0.314642
 0 0.331085
 0 0.326933
 0 0.32132
 0 0.328206
 0 0.333213
 0 0.3301
 0 0.338952
 0 0.339702
 0 0.320919
 0 0.312185
 0 0.320776
 0 0.315118
 0 0.333445
 0 0.325036
 0 0.323765
 0 0.311365
 0 0.298361
 0 0.332984
 0 0.33735
 0 0.339641
 0 0.314785
 0 0.32034
 0 0.325033
 0 0.321586
 0 0.323681
 0 0.30714
 0 0.311248
 0 0.322589
 0 0.328179
 0 0.33594
 0 0.339959
 0 0.328099
 0 0.337227
 0 0.313235
 0 0.323178
 0 0.318622
 0 0.311915
 0 0.339308
 0 0.33578
 0 0.316131
 0 0.32635
 0 0.324321
 0 0.325184
 0 0.336419
 0 0.283532
 0 0.310366
 0 0.335543
 0 0.339935
 0 0.309364
 0 0.317701
 0 0.33417
 0 0.300231
 0 0.345153
 0 0.344982
 0 0.321221
 0 0.332624
 0 0.314821
 0 0.323495
 0 0.335863
 0 0.317907
 0 0.299569
 0 0.298357
 0 0.334043
 0 0.31116
 0 0.304955
 0 0.289944
 0 0.326878
 0 0.295588
 0 0.360712
 0 0.330835
 0 0.333164
 0 0.3255
 0 0.333234
 0 0.348589
 0 0.324482
 0 0.313513
 0 0.316598
 0 0.313263
 0 0.335258
 0 0.316297
 0 0.305481
 0 0.309261
 0 0.321904
 0 0.331359
 0 0.315804
 0 0.325173
 0 0.293645
 0 0.316085
 0 0.311868
 0 0.345943
 0 0.313599
 0 0.320334
 0 0.337353
 0 0.321835
 0 0.324376
 0 0.296173
 0 0.308748
 0 0.314373
 0 0.320411
 0 0.320916
 0 0.309802
 0 0.330194
 0 0.320785
 0 0.342549
 0 0.321199
 0 0.334137
 0 0.323989
 0 0.316099
 0 0.334474
 0 0.298114
 0 0.349562
 0 0.317536
 0 0.322431
 0 0.329413
 0 0.331365
 0 0.326526
 0 0.308705
 0 0.328924
 0 0.307355
 0 0.338323
 0 0.319776
 0 0.327505
 0 0.310273
 0 0.293067
 0 0.334331
 0 0.323403
 0 0.349085
 0 0.324367
 0 0.322843
 0 0.304331
 0 0.324705
 0 0.328381
 0 0.314321
 0 0.311294
 0 0.314183
 0 0.324942
 0 0.329072
 0 0.335699
 0 0.32611
 0 0.323663
 0 0.334392
 0 0.327798
 0 0.298368
 0 0.332059
 0 0.310521
 0 0.326498
 0 0.336756
 0 0.321245
 0 0.334444
 0 0.31413
 0 0.318821
 0 0.31191
 0 0.343942
 0 0.336445
 0 0.314269
 0 0.33637
 0 0.330425
 0 0.343189
 0 0.324196
 0 0.334594
 0 0.343754
 0 0.319694
 0 0.307626
 0 0.315905
 0 0.306503
 0 0.316259
 0 0.321621
 0 0.319279
 0 0.334062
 0 0.340334
 0 0.291852
 0 0.303604
 0 0.327723
 0 0.311276
 0 0.319854
 0 0.302352
 0 0.303324
 0 0.335686
 0 0.317176
 0 0.31413
 0 0.281445
 0 0.314184
 0 0.29056
 0 0.310182
 0 0.308026
 0 0.327117
 0 0.332475
 0 0.311563
 0 0.32274
 0 0.307563
 0 0.338536
 0 0.33335
 0 0.340998
 0 0.345797
 0 0.312571
 0 0.315902
 0 0.334581
 0 0.322393
 0 0.306583
 0 0.317519
 0 0.331211
 0 0.300166
 0 0.329668
