603 1 0 0 1
 0 0.38475
 0 0.391026
 0 0.370183
 0 0.380138
 0 0.416036
 0 0.433724
 0 0.396144
 0 0.392175
 0 0.371933
 0 0.397299
 0 0.464092
 0 0.364157
 0 0.39523
 0 0.428791
 0 0.37943
 0 0.367949
 0 0.378464
 0 0.378325
 0 0.386607
 0 0.376696
 0 0.332393
 0 0.418228
 0 0.437798
 0 0.383252
 0 0.358764
 0 0.374842
 0 0.381819
 0 0.443241
 0 0.392989
 0 0.443337
 0 0.329712
 0 0.429166
 0 0.4095
 0 0.363788
 0 0.367016
 0 0.414419
 0 0.394939
 0 0.391241
 0 0.405956
 0 0.394805
 0 0.405187
 0 0.372497
 0 0.405581
 0 0.36985
 0 0.419416
 0 0.345588
 0 0.372294
 0 0.381312
 0 0.396928
 0 0.384914
 0 0.36299
 0 0.435488
 0 0.395981
 0 0.347478
 0 0.457569
 0 0.400817
 0 0.419215
 0 0.397701
 0 0.362691
 0 0.357917
 0 0.389803
 0 0.425055
 0 0.422082
 0 0.392056
 0 0.4019
 0 0.382661
 0 0.397266
 0 0.374254
 0 0.41824
 0 0.390193
 0 0.379656
 0 0.399365
 0 0.376713
 0 0.430867
 0 0.44711
 0 0.391026
 0 0.409136
 0 0.352916
 0 0.459202
 0 0.41804
 0 0.386449
 0 0.390585
 0 0.408518
 0 0.352732
 0 0.37424
 0 0.436446
 0 0.405942
 0 0.418713
 0 0.373847
 0 0.379332
 0 0.429233
 0 0.415866
 0 0.419878
 0 0.436045
 0 0.380468
 0 0.382579
 0 0.461289
 0 0.435174
 0 0.404083
 0 0.406269
 0 0.402693
 0 0.401116
 0 0.361767
 0 0.405156
 0 0.416899
 0 0.403312
 0 0.394013
 0 0.419619
 0 0.380176
 0 0.352683
 0 0.378399
 0 0.352987
 0 0.362221
 0 0.40207
 0 0.373943
 0 0.431101
 0 0.386168
 0 0.472277
 0 0.420351
 0 0.410976
 0 0.386108
 0 0.411664
 0 0.385604
 0 0.385458
 0 0.40618
 0 0.394793
 0 0.445683
 0 0.414146
 0 0.382325
 0 0.389229
 0 0.390137
 0 0.36715
 0 0.383175
 0 0.425003
 0 0.373298
 0 0.39978
 0 0.40078
 0 0.362484
 0 0.397656
 0 0.467746
 0 0.41913
 0 0.385331
 0 0.375802
 0 0.43441
 0 0.381481
 0 0.412605
 0 0.386159
 0 0.422719
 0 0.37875
 0 0.404721
 0 0.405975
 0 0.418111
 0 0.351847
 0 0.432124
 0 0.404862
 0 0.407784
 0 0.417545
 0 0.426864
 0 0.391444
 0 0.37868
 0 0.428112
 0 0.381919
 0 0.386569
 0 0.35294
 0 0.403439
 0 0.401909
 0 0.394627
 0 0.398396
 0 0.40459
 0 0.363918
 0 0.449533
 0 0.414783
 0 0.38157
 0 0.431026
 0 0.386554
 0 0.37868
 0 0.434529
 0 0.381721
 0 0.367926
 0 0.367235
 0 0.392384
 0 0.411065
 0 0.388333
 0 0.398688
 0 0.414648
 0 0.412924
 0 0.326691
 0 0.387035
 0 0.436619
 0 0.411545
 0 0.38938
 0 0.385391
 0 0.376214
 0 0.357746
 0 0.365973
 0 0.420938
 0 0.4032
 0 0.377659
 0 0.374607
 0 0.38278
 0 0.40029
 0 0.446304
 0 0.376903
 0 0.395476
 0 0.36702
 0 0.431204
 0 0.408084
 0 0.410483
 0 0.409497
 0 0.381025
 0 0.427886
 0 0.405095
 0 0.343234
 0 0.399519
 0 0.420991
 0 0.416019
 0 0.420804
 0 0.407868
 0 0.418541
 0 0.341084
 0 0.325606
 0 0.373772
 0 0.396847
 0 0.444404
 0 0.402248
 0 0.385386
 0 0.3973
 0 0.356835
 0 0.378454
 0 0.433855
 0 0.335546
 0 0.427128
 0 0.397212
 0 0.333849
 0 0.385609
 0 0.403516
 0 0.380008
 0 0.406317
 0 0.384192
 0 0.384765
 0 0.371691
 0 0.420172
 0 0.37913
 0 0.403565
 0 0.345998
 0 0.44804
 0 0.465525
 0 0.365759
 0 0.347309
 0 0.362538
 0 0.407735
 0 0.421112
 0 0.38867
 0 0.441605
 0 0.39765
 0 0.392126
 0 0.369748
 0 0.398301
 0 0.385207
 0 0.370328
 0 0.421705
 0 0.395718
 0 0.380368
 0 0.395263
 0 0.417486
 0 0.396676
 0 0.402233
 0 0.446723
 0 0.395231
 0 0.416008
 0 0.392886
 0 0.389351
 0 0.417789
 0 0.401636
 0 0.416747
 0 0.399867
 0 0.365808
 0 0.331394
 0 0.403564
 0 0.394706
 0 0.438016
 0 0.389988
 0 0.369403
 0 0.400205
 0 0.422477
 0 0.39128
 0 0.420365
 0 0.399504
 0 0.390332
 0 0.424892
 0 0.41586
 0 0.399998
 0 0.384794
 0 0.385553
 0 0.392245
 0 0.391621
 0 0.385528
 0 0.417173
 0 0.357959
 0 0.301834
 0 0.403647
 0 0.414205
 0 0.393217
 0 0.387368
 0 0.348647
 0 0.39686
 0 0.417032
 0 0.368277
 0 0.384511
 0 0.39642
 0 0.371553
 0 0.408976
 0 0.39825
 0 0.418185
 0 0.410143
 0 0.410662
 0 0.422497
 0 0.368583
 0 0.37262
 0 0.41883
 0 0.384823
 0 0.383193
 0 0.409943
 0 0.451505
 0 0.427298
 0 0.398714
 0 0.366285
 0 0.410845
 0 0.399015
 0 0.403364
 0 0.391672
 0 0.469378
 0 0.417333
 0 0.378129
 0 0.406077
 0 0.418581
 0 0.407574
 0 0.418498
 0 0.39987
 0 0.396548
 0 0.3506
 0 0.418018
 0 0.419372
 0 0.431158
 0 0.395422
 0 0.394731
 0 0.430979
 0 0.391929
 0 0.389893
 0 0.369588
 0 0.386941
 0 0.35619
 0 0.4435
 0 0.385511
 0 0.436948
 0 0.381304
 0 0.422106
 0 0.373173
 0 0.390158
 0 0.376535
 0 0.378294
 0 0.392052
 0 0.387952
 0 0.433599
 0 0.367398
 0 0.382831
 0 0.386948
 0 0.403506
 0 0.382613
 0 0.420833
 0 0.413754
 0 0.389978
 0 0.362495
 0 0.431256
 0 0.399063
 0 0.398389
 0 0.347013
 0 0.455055
 0 0.358928
 0 0.413675
 0 0.403526
 0 0.371668
 0 0.404627
 0 0.417372
 0 0.395008
 0 0.387696
 0 0.406094
 0 0.388717
 0 0.332418
 0 0.398794
 0 0.370533
 0 0.381136
 0 0.406404
 0 0.382342
 0 0.395464
 0 0.351914
 0 0.333522
 0 0.396443
 0 0.418129
 0 0.393481
 0 0.388113
 0 0.44014
 0 0.418748
 0 0.393811
 0 0.417513
 0 0.373557
 0 0.431412
 0 0.430112
 0 0.376884
 0 0.376077
 0 0.40957
 0 0.40306
 0 0.377313
 0 0.423765
 0 0.407803
 0 0.362246
 0 0.381132
 0 0.370161
 0 0.381587
 0 0.388891
 0 0.406192
 0 0.369669
 0 0.380804
 0 0.404685
 0 0.381154
 0 0.408119
 0 0.372606
 0 0.406093
 0 0.441275
 0 0.432346
 0 0.393942
 0 0.463191
 0 0.424299
 0 0.436434
 0 0.39826
 0 0.350441
 0 0.377407
 0 0.430842
 0 0.350248
 0 0.384618
 0 0.419183
 0 0.407215
 0 0.420128
 0 0.422217
 0 0.378043
 0 0.402336
 0 0.421461
 0 0.415147
 0 0.393098
 0 0.434587
 0 0.437442
 0 0.401229
 0 0.375399
 0 0.398992
 0 0.384366
 0 0.421431
 0 0.342718
 0 0.377534
 0 0.420588
 0 0.360486
 0 0.413257
 0 0.409818
 0 0.42832
 0 0.383367
 0 0.423119
 0 0.39577
 0 0.419177
 0 0.429641
 0 0.377925
 0 0.381321
 0 0.393277
 0 0.492583
 0 0.458789
 0 0.366801
 0 0.478897
 0 0.416325
 0 0.418862
 0 0.364305
 0 0.382017
 0 0.377814
 0 0.41528
 0 0.416325
 0 0.423488
 0 0.337392
 0 0.415565
 0 0.373239
 0 0.366519
 0 0.403204
 0 0.427126
 0 0.417382
 0 0.389032
 0 0.406511
 0 0.422588
 0 0.357707
 0 0.389341
 0 0.393193
 0 0.368061
 0 0.412373
 0 0.382742
 0 0.396676
 0 0.41559
 0 0.436622
 0 0.419357
 0 0.420423
 0 0.407768
 0 0.358058
 0 0.405184
 0 0.40373
 0 0.405114
 0 0.411241
 0 0.395686
 0 0.405899
 0 0.408069
 0 0.401721
 0 0.41814
 0 0.372224
 0 0.401216
 0 0.378432
 0 0.353031
 0 0.45447
 0 0.401034
 0 0.353855
 0 0.4517
 0 0.395622
 0 0.39183
 0 0.41184
 0 0.381931
 0 0.408734
 0 0.411559
 0 0.321251
 0 0.419493
 0 0.409537
 0 0.443785
 0 0.405907
 0 0.396778
 0 0.402958
 0 0.308146
 0 0.398399
 0 0.422472
 0 0.380841
 0 0.405989
 0 0.429702
 0 0.40704
 0 0.438075
 0 0.384507
 0 0.408179
 0 0.468522
 0 0.416483
 0 0.330512
 0 0.406762
 0 0.428494
 0 0.39997
 0 0.366406
 0 0.430468
 0 0.399166
 0 0.381444
 0 0.408365
 0 0.402686
 0 0.374061
 0 0.403212
 0 0.414934
 0 0.381043
 0 0.449776
 0 0.402692
 0 0.3953
 0 0.376199
 0 0.444255
 0 0.402305
 0 0.404921
 0 0.401936
 0 0.365887
 0 0.438512
 0 0.45596
 0 0.452598
 0 0.374709
 0 0.38673
 0 0.404254
 0 0.389338
 0 0.360416
 0 0.381763
 0 0.404864
 0 0.381605
 0 0.412863
 0 0.413888
 0 0.398783
 0 0.401834
 0 0.370174
 0 0.409617
 0 0.335553
 0 0.375121
 0 0.427735
 0 0.380243
 0 0.429866
 0 0.381049
 0 0.407303
 0 0.462747
 0 0.414824
 0 0.406276
 0 0.408949
 0 0.43295
 0 0.42448
 0 0.390907
 0 0.404667
