553 1 0 0 1
 0 0.364722
 0 0.369561
 0 0.48043
 0 0.36497
 0 0.430754
 0 0.31374
 0 0.504447
 0 0.369831
 0 0.284155
 0 0.276937
 0 0.301631
 0 0.500287
 0 0.392989
 0 0.334966
 0 0.450715
 0 0.363115
 0 0.36989
 0 0.495538
 0 0.411973
 0 0.473323
 0 0.182197
 0 0.385452
 0 0.367191
 0 0.305646
 0 0.491634
 0 0.281915
 0 0.391893
 0 0.24832
 0 0.308079
 0 0.390766
 0 0.42944
 0 0.36702
 0 0.374592
 0 0.518442
 0 0.320559
 0 0.304024
 0 0.451921
 0 0.435866
 0 0.305309
 0 0.37271
 0 0.339014
 0 0.332859
 0 0.233128
 0 0.296898
 0 0.339022
 0 0.387946
 0 0.427966
 0 0.283237
 0 0.318204
 0 0.254235
 0 0.394048
 0 0.319797
 0 0.362693
 0 0.434224
 0 0.403073
 0 0.368717
 0 0.328241
 0 0.283654
 0 0.339249
 0 0.422102
 0 0.418733
 0 0.383628
 0 0.294175
 0 0.337522
 0 0.442301
 0 0.498295
 0 0.289977
 0 0.218191
 0 0.286538
 0 0.380042
 0 0.275498
 0 0.447881
 0 0.38248
 0 0.256888
 0 0.288436
 0 0.418692
 0 0.401677
 0 0.353032
 0 0.395489
 0 0.441034
 0 0.375692
 0 0.355068
 0 0.49891
 0 0.31891
 0 0.315007
 0 0.47284
 0 0.341896
 0 0.266545
 0 0.233118
 0 0.194686
 0 0.477331
 0 0.458903
 0 0.453124
 0 0.361017
 0 0.348722
 0 0.307296
 0 0.327137
 0 0.415568
 0 0.41184
 0 0.358361
 0 0.352256
 0 0.271978
 0 0.401069
 0 0.247713
 0 0.284243
 0 0.362194
 0 0.350833
 0 0.341416
 0 0.363613
 0 0.282541
 0 0.228865
 0 0.406176
 0 0.264236
 0 0.297693
 0 0.348389
 0 0.406537
 0 0.335847
 0 0.179333
 0 0.28251
 0 0.353123
 0 0.364726
 0 0.279033
 0 0.362556
 0 0.399504
 0 0.264467
 0 0.273177
 0 0.328488
 0 0.470278
 0 0.32461
 0 0.421891
 0 0.300212
 0 0.356723
 0 0.3253
 0 0.27551
 0 0.355025
 0 0.244238
 0 0.386857
 0 0.304847
 0 0.28555
 0 0.379855
 0 0.380016
 0 0.266986
 0 0.381133
 0 0.280749
 0 0.34525
 0 0.447847
 0 0.408821
 0 0.270332
 0 0.259356
 0 0.479029
 0 0.428257
 0 0.44487
 0 0.373916
 0 0.341562
 0 0.250033
 0 0.447171
 0 0.288013
 0 0.351798
 0 0.353869
 0 0.343672
 0 0.444563
 0 0.329151
 0 0.263113
 0 0.394698
 0 0.30768
 0 0.0770191
 0 0.321499
 0 0.447434
 0 0.350585
 0 0.363822
 0 0.357847
 0 0.274918
 0 0.39874
 0 0.307495
 0 0.328413
 0 0.261205
 0 0.365801
 0 0.334479
 0 0.242442
 0 0.370913
 0 0.290699
 0 0.445413
 0 0.407974
 0 0.32755
 0 0.294898
 0 0.35295
 0 0.357845
 0 0.419228
 0 0.363693
 0 0.486509
 0 0.330995
 0 0.30174
 0 0.468994
 0 0.295628
 0 0.474619
 0 0.324895
 0 0.332812
 0 0.29454
 0 0.26627
 0 0.530776
 0 0.238964
 0 0.409132
 0 0.363001
 0 0.42228
 0 0.376355
 0 0.329642
 0 0.243324
 0 0.428357
 0 0.468254
 0 0.360456
 0 0.274148
 0 0.364988
 0 0.169208
 0 0.324947
 0 0.385426
 0 0.467077
 0 0.567398
 0 0.3056
 0 0.356184
 0 0.369314
 0 0.241463
 0 0.269649
 0 0.369692
 0 0.336671
 0 0.381672
 0 0.38906
 0 0.281361
 0 0.262875
 0 0.318493
 0 0.318912
 0 0.41917
 0 0.41148
 0 0.351299
 0 0.477944
 0 0.289691
 0 0.320487
 0 0.289519
 0 0.327445
 0 0.514551
 0 0.448137
 0 0.414475
 0 0.295638
 0 0.348237
 0 0.318518
 0 0.334014
 0 0.397192
 0 0.389195
 0 0.248906
 0 0.284891
 0 0.353471
 0 0.326285
 0 0.44314
 0 0.361522
 0 0.310829
 0 0.354361
 0 0.326651
 0 0.443533
 0 0.260229
 0 0.47035
 0 0.450546
 0 0.299305
 0 0.288897
 0 0.362379
 0 0.327093
 0 0.430146
 0 0.338715
 0 0.466369
 0 0.392066
 0 0.41088
 0 0.372546
 0 0.328859
 0 0.285222
 0 0.380187
 0 0.314274
 0 0.3851
 0 0.38638
 0 0.454246
 0 0.289209
 0 0.51413
 0 0.365082
 0 0.315682
 0 0.292965
 0 0.396607
 0 0.292813
 0 0.315883
 0 0.542415
 0 0.333603
 0 0.302295
 0 0.344592
 0 0.322922
 0 0.431744
 0 0.350026
 0 0.366671
 0 0.332634
 0 0.251164
 0 0.393559
 0 0.293438
 0 0.360919
 0 0.428811
 0 0.358457
 0 0.310453
 0 0.275592
 0 0.303288
 0 0.446833
 0 0.305978
 0 0.296259
 0 0.399093
 0 0.276574
 0 0.433174
 0 0.391939
 0 0.301421
 0 0.289797
 0 0.500765
 0 0.303166
 0 0.228249
 0 0.267721
 0 0.421126
 0 0.460608
 0 0.389933
 0 0.371183
 0 0.322059
 0 0.408359
 0 0.39781
 0 0.30973
 0 0.486331
 0 0.37635
 0 0.23304
 0 0.517622
 0 0.214135
 0 0.351209
 0 0.369006
 0 0.0677727
 0 0.510259
 0 0.385593
 0 0.388623
 0 0.35679
 0 0.386636
 0 0.321981
 0 0.406316
 0 0.4698
 0 0.484831
 0 0.196122
 0 0.326178
 0 0.351381
 0 0.246755
 0 0.343835
 0 0.341843
 0 0.281011
 0 0.440639
 0 0.451464
 0 0.308393
 0 0.381366
 0 0.283545
 0 0.42041
 0 0.609097
 0 0.37779
 0 0.428134
 0 0.268973
 0 0.405225
 0 0.286911
 0 0.32765
 0 0.296487
 0 0.426073
 0 0.346269
 0 0.260413
 0 0.259688
 0 0.439256
 0 0.449078
 0 0.32153
 0 0.350238
 0 0.369966
 0 0.449578
 0 0.316482
 0 0.255192
 0 0.415502
 0 0.310945
 0 0.233458
 0 0.272669
 0 0.313236
 0 0.460911
 0 0.288092
 0 0.382347
 0 0.411923
 0 0.441079
 0 0.416256
 0 0.37914
 0 0.347999
 0 0.394478
 0 0.383724
 0 0.353917
 0 0.398865
 0 0.316867
 0 0.453014
 0 0.393393
 0 0.291153
 0 0.359971
 0 0.249813
 0 0.511948
 0 0.369409
 0 0.427738
 0 0.31717
 0 0.246118
 0 0.443306
 0 0.370074
 0 0.384432
 0 0.34548
 0 0.376752
 0 0.502657
 0 0.342792
 0 0.351984
 0 0.293258
 0 0.255929
 0 0.298219
 0 0.240623
 0 0.425791
 0 0.271222
 0 0.372202
 0 0.382388
 0 0.337967
 0 0.429832
 0 0.357977
 0 0.291739
 0 0.377789
 0 0.415626
 0 0.374141
 0 0.346957
 0 0.393899
 0 0.317171
 0 0.446554
 0 0.351511
 0 0.324201
 0 0.397963
 0 0.397965
 0 0.274754
 0 0.375517
 0 0.404885
 0 0.283921
 0 0.40072
 0 0.35174
 0 0.265643
 0 0.350325
 0 0.371237
 0 0.434763
 0 0.358411
 0 0.294673
 0 0.24452
 0 0.400629
 0 0.348207
 0 0.201543
 0 0.305067
 0 0.295816
 0 0.210146
 0 0.381899
 0 0.442748
 0 0.301064
 0 0.441155
 0 0.292995
 0 0.423743
 0 0.421338
 0 0.256025
 0 0.301808
 0 0.267036
 0 0.358189
 0 0.28196
 0 0.328866
 0 0.234172
 0 0.400602
 0 0.279914
 0 0.390255
 0 0.452613
 0 0.424986
 0 0.389876
 0 0.268292
 0 0.200209
 0 0.337529
 0 0.261051
 0 0.401858
 0 0.519898
 0 0.213142
 0 0.369543
 0 0.327723
 0 0.35592
 0 0.469681
 0 0.38057
 0 0.433694
 0 0.318963
 0 0.435427
 0 0.278827
 0 0.41388
 0 0.287071
 0 0.263562
 0 0.417601
 0 0.372712
 0 0.356567
 0 0.286821
 0 0.179527
 0 0.248553
 0 0.352834
 0 0.393119
 0 0.559278
 0 0.351285
 0 0.244748
 0 0.37347
 0 0.325905
 0 0.382555
 0 0.372859
 0 0.227415
 0 0.347443
 0 0.468007
 0 0.376853
 0 0.322175
 0 0.308999
 0 0.362189
 0 0.319097
 0 0.256412
 0 0.335185
 0 0.409595
 0 0.346147
 0 0.481027
 0 0.404961
 0 0.256322
 0 0.239002
 0 0.483996
 0 0.319996
 0 0.250161
 0 0.301223
 0 0.347239
 0 0.338068
 0 0.208257
 0 0.427091
 0 0.319445
 0 0.324175
 0 0.334451
 0 0.315686
 0 0.409081
 0 0.246869
 0 0.347864
 0 0.336569
 0 0.31526
 0 0.365073
 0 0.466494
 0 0.348029
 0 0.398404
 0 0.370724
 0 0.342302
 0 0.31561
 0 0.426355
 0 0.264891
 0 0.338575
 0 0.403319
 0 0.339034
 0 0.313394
 0 0.354993
