603 1 0 0 1
 0 0.400323
 0 0.436416
 0 0.403352
 0 0.403974
 0 0.432981
 0 0.455182
 0 0.409132
 0 0.426414
 0 0.403432
 0 0.429386
 0 0.447779
 0 0.452255
 0 0.402692
 0 0.428573
 0 0.440175
 0 0.443333
 0 0.404389
 0 0.431618
 0 0.403902
 0 0.434114
 0 0.386197
 0 0.435056
 0 0.461723
 0 0.427571
 0 0.389227
 0 0.435498
 0 0.410722
 0 0.469909
 0 0.415905
 0 0.466111
 0 0.386949
 0 0.44204
 0 0.4121
 0 0.418679
 0 0.409125
 0 0.467187
 0 0.416981
 0 0.416266
 0 0.427216
 0 0.40976
 0 0.439008
 0 0.415572
 0 0.432298
 0 0.415704
 0 0.446473
 0 0.385323
 0 0.413862
 0 0.426612
 0 0.437402
 0 0.401226
 0 0.385042
 0 0.458256
 0 0.407295
 0 0.346486
 0 0.481756
 0 0.428837
 0 0.468442
 0 0.437739
 0 0.377568
 0 0.432456
 0 0.420139
 0 0.433225
 0 0.433459
 0 0.437461
 0 0.423548
 0 0.423034
 0 0.38711
 0 0.402434
 0 0.414391
 0 0.437808
 0 0.390944
 0 0.450845
 0 0.42933
 0 0.415716
 0 0.484681
 0 0.383094
 0 0.441973
 0 0.393139
 0 0.457504
 0 0.442301
 0 0.405137
 0 0.408613
 0 0.44341
 0 0.398358
 0 0.396768
 0 0.437503
 0 0.400449
 0 0.471393
 0 0.415754
 0 0.416895
 0 0.449569
 0 0.436063
 0 0.432665
 0 0.457881
 0 0.439928
 0 0.41262
 0 0.425582
 0 0.455876
 0 0.432782
 0 0.44021
 0 0.42862
 0 0.395435
 0 0.421194
 0 0.412424
 0 0.448959
 0 0.421348
 0 0.431009
 0 0.457376
 0 0.423102
 0 0.43268
 0 0.405053
 0 0.378263
 0 0.396338
 0 0.399621
 0 0.425928
 0 0.440884
 0 0.400286
 0 0.492375
 0 0.455382
 0 0.429776
 0 0.412156
 0 0.415394
 0 0.440069
 0 0.414681
 0 0.428933
 0 0.410524
 0 0.468934
 0 0.437056
 0 0.41033
 0 0.416928
 0 0.420099
 0 0.399484
 0 0.43472
 0 0.441421
 0 0.416309
 0 0.410209
 0 0.396242
 0 0.393365
 0 0.408962
 0 0.467146
 0 0.455495
 0 0.425258
 0 0.408556
 0 0.451898
 0 0.427351
 0 0.422191
 0 0.43038
 0 0.443349
 0 0.404343
 0 0.42562
 0 0.435123
 0 0.432462
 0 0.406531
 0 0.450336
 0 0.430091
 0 0.414409
 0 0.446882
 0 0.441411
 0 0.410233
 0 0.432461
 0 0.435055
 0 0.421073
 0 0.41512
 0 0.408426
 0 0.425256
 0 0.420031
 0 0.446564
 0 0.42807
 0 0.4261
 0 0.429902
 0 0.458792
 0 0.422353
 0 0.389862
 0 0.436722
 0 0.423335
 0 0.407446
 0 0.455668
 0 0.42142
 0 0.418406
 0 0.392516
 0 0.433358
 0 0.435394
 0 0.404645
 0 0.44102
 0 0.437946
 0 0.4262
 0 0.357358
 0 0.419649
 0 0.45442
 0 0.442167
 0 0.417734
 0 0.421319
 0 0.396142
 0 0.409586
 0 0.395334
 0 0.443566
 0 0.430746
 0 0.411723
 0 0.422752
 0 0.414657
 0 0.453974
 0 0.44183
 0 0.41851
 0 0.44447
 0 0.40222
 0 0.443393
 0 0.412986
 0 0.415933
 0 0.452078
 0 0.410538
 0 0.442524
 0 0.426981
 0 0.379845
 0 0.449428
 0 0.448482
 0 0.440362
 0 0.458561
 0 0.432936
 0 0.453289
 0 0.41447
 0 0.405039
 0 0.413081
 0 0.412225
 0 0.438236
 0 0.411462
 0 0.428937
 0 0.420053
 0 0.417038
 0 0.393863
 0 0.460515
 0 0.379115
 0 0.452498
 0 0.429881
 0 0.384946
 0 0.434209
 0 0.428621
 0 0.39294
 0 0.433844
 0 0.39946
 0 0.419549
 0 0.397535
 0 0.421074
 0 0.390764
 0 0.42577
 0 0.361363
 0 0.451384
 0 0.455282
 0 0.401865
 0 0.410457
 0 0.388721
 0 0.446513
 0 0.44432
 0 0.441329
 0 0.475409
 0 0.423983
 0 0.405918
 0 0.390156
 0 0.427101
 0 0.433591
 0 0.422518
 0 0.45418
 0 0.416095
 0 0.402462
 0 0.429272
 0 0.443403
 0 0.410084
 0 0.428169
 0 0.451934
 0 0.425976
 0 0.428237
 0 0.455967
 0 0.412353
 0 0.439763
 0 0.418219
 0 0.456639
 0 0.416919
 0 0.372075
 0 0.400207
 0 0.423401
 0 0.382227
 0 0.445656
 0 0.423509
 0 0.396511
 0 0.418421
 0 0.432187
 0 0.424148
 0 0.448843
 0 0.423691
 0 0.433967
 0 0.446581
 0 0.429547
 0 0.41089
 0 0.43446
 0 0.422131
 0 0.432285
 0 0.423885
 0 0.419598
 0 0.440513
 0 0.411062
 0 0.374517
 0 0.443927
 0 0.458821
 0 0.427435
 0 0.375613
 0 0.427245
 0 0.444065
 0 0.435346
 0 0.391
 0 0.396483
 0 0.421498
 0 0.414799
 0 0.436339
 0 0.432822
 0 0.450506
 0 0.377028
 0 0.458676
 0 0.422736
 0 0.398881
 0 0.412571
 0 0.427877
 0 0.404356
 0 0.416467
 0 0.440794
 0 0.458537
 0 0.434366
 0 0.41498
 0 0.41544
 0 0.414371
 0 0.427591
 0 0.438127
 0 0.417607
 0 0.464037
 0 0.430884
 0 0.439274
 0 0.432966
 0 0.439772
 0 0.437723
 0 0.428671
 0 0.430351
 0 0.432425
 0 0.373295
 0 0.44399
 0 0.446296
 0 0.446325
 0 0.408497
 0 0.428305
 0 0.467352
 0 0.405836
 0 0.427053
 0 0.410822
 0 0.421544
 0 0.379601
 0 0.457276
 0 0.413453
 0 0.480331
 0 0.412201
 0 0.44453
 0 0.383044
 0 0.42333
 0 0.424156
 0 0.415143
 0 0.430282
 0 0.404282
 0 0.452964
 0 0.386763
 0 0.364939
 0 0.416786
 0 0.434949
 0 0.411468
 0 0.440693
 0 0.434931
 0 0.422247
 0 0.428572
 0 0.438248
 0 0.45882
 0 0.41728
 0 0.382706
 0 0.459852
 0 0.40574
 0 0.431284
 0 0.428534
 0 0.416374
 0 0.437587
 0 0.427528
 0 0.443431
 0 0.405056
 0 0.420495
 0 0.400754
 0 0.37389
 0 0.424808
 0 0.400505
 0 0.422281
 0 0.433537
 0 0.412533
 0 0.440973
 0 0.394302
 0 0.373289
 0 0.443157
 0 0.438868
 0 0.419791
 0 0.419897
 0 0.472945
 0 0.438166
 0 0.462716
 0 0.441153
 0 0.413682
 0 0.431172
 0 0.460059
 0 0.39096
 0 0.403315
 0 0.422751
 0 0.437507
 0 0.400842
 0 0.434471
 0 0.422684
 0 0.390987
 0 0.423651
 0 0.414774
 0 0.436374
 0 0.398479
 0 0.41773
 0 0.392492
 0 0.42242
 0 0.414507
 0 0.396942
 0 0.41635
 0 0.417815
 0 0.411804
 0 0.460005
 0 0.455116
 0 0.413224
 0 0.440196
 0 0.437239
 0 0.446263
 0 0.423837
 0 0.420427
 0 0.437097
 0 0.43998
 0 0.402738
 0 0.396038
 0 0.441641
 0 0.417362
 0 0.461712
 0 0.44508
 0 0.42625
 0 0.431645
 0 0.435563
 0 0.455348
 0 0.42988
 0 0.443546
 0 0.449454
 0 0.44172
 0 0.397084
 0 0.431899
 0 0.425926
 0 0.437575
 0 0.403598
 0 0.417185
 0 0.434013
 0 0.405326
 0 0.43293
 0 0.445777
 0 0.463656
 0 0.424752
 0 0.437672
 0 0.413793
 0 0.425811
 0 0.460473
 0 0.426108
 0 0.384841
 0 0.42168
 0 0.483279
 0 0.46725
 0 0.377957
 0 0.471475
 0 0.449741
 0 0.419227
 0 0.40777
 0 0.442657
 0 0.403524
 0 0.433132
 0 0.434544
 0 0.460062
 0 0.41524
 0 0.449295
 0 0.428817
 0 0.418905
 0 0.410014
 0 0.446841
 0 0.437411
 0 0.430984
 0 0.434283
 0 0.439735
 0 0.400503
 0 0.407442
 0 0.420234
 0 0.420205
 0 0.43776
 0 0.437452
 0 0.40536
 0 0.447396
 0 0.441126
 0 0.448324
 0 0.444592
 0 0.431974
 0 0.417928
 0 0.42562
 0 0.434938
 0 0.44186
 0 0.42744
 0 0.419727
 0 0.44147
 0 0.439432
 0 0.403921
 0 0.456138
 0 0.402256
 0 0.433552
 0 0.429314
 0 0.387561
 0 0.471092
 0 0.44441
 0 0.399548
 0 0.460263
 0 0.426328
 0 0.45345
 0 0.449046
 0 0.415563
 0 0.441727
 0 0.420794
 0 0.341029
 0 0.430504
 0 0.418213
 0 0.44821
 0 0.424776
 0 0.434222
 0 0.439026
 0 0.362383
 0 0.461291
 0 0.439961
 0 0.424178
 0 0.448983
 0 0.44689
 0 0.448144
 0 0.449287
 0 0.415546
 0 0.442122
 0 0.45555
 0 0.446096
 0 0.372074
 0 0.452274
 0 0.433553
 0 0.436895
 0 0.40896
 0 0.458285
 0 0.427377
 0 0.398914
 0 0.434008
 0 0.429448
 0 0.386401
 0 0.41338
 0 0.430722
 0 0.439621
 0 0.431351
 0 0.412644
 0 0.404839
 0 0.392409
 0 0.47852
 0 0.445989
 0 0.419575
 0 0.393929
 0 0.370319
 0 0.390693
 0 0.450261
 0 0.448915
 0 0.419639
 0 0.42702
 0 0.430552
 0 0.443464
 0 0.412056
 0 0.403352
 0 0.449585
 0 0.38208
 0 0.460662
 0 0.431678
 0 0.418105
 0 0.4469
 0 0.42931
 0 0.419706
 0 0.38524
 0 0.411409
 0 0.426574
 0 0.409404
 0 0.437628
 0 0.420748
 0 0.430511
 0 0.481599
 0 0.424253
 0 0.443856
 0 0.431795
 0 0.440831
 0 0.450587
 0 0.429597
 0 0.408738
