553 1 0 0 1
 0 0.338905
 0 0.292425
 0 0.388754
 0 0.358825
 0 0.403153
 0 0.350106
 0 0.492883
 0 0.391024
 0 0.323384
 0 0.301594
 0 0.26292
 0 0.368407
 0 0.349502
 0 0.342075
 0 0.432293
 0 0.369478
 0 0.338745
 0 0.433078
 0 0.433953
 0 0.373113
 0 0.277908
 0 0.3362
 0 0.3426
 0 0.279985
 0 0.401218
 0 0.316526
 0 0.381164
 0 0.342836
 0 0.319843
 0 0.394658
 0 0.357812
 0 0.293055
 0 0.338144
 0 0.467304
 0 0.327861
 0 0.324693
 0 0.425766
 0 0.388088
 0 0.271434
 0 0.368517
 0 0.363302
 0 0.330609
 0 0.279783
 0 0.304572
 0 0.337264
 0 0.317402
 0 0.398755
 0 0.339561
 0 0.377415
 0 0.361404
 0 0.393242
 0 0.296698
 0 0.346668
 0 0.310354
 0 0.368954
 0 0.38583
 0 0.293729
 0 0.271109
 0 0.322024
 0 0.366215
 0 0.388103
 0 0.353084
 0 0.330992
 0 0.349591
 0 0.368734
 0 0.438282
 0 0.223445
 0 0.216137
 0 0.336692
 0 0.367402
 0 0.301714
 0 0.388938
 0 0.387511
 0 0.260135
 0 0.295155
 0 0.4434
 0 0.327697
 0 0.313783
 0 0.358059
 0 0.410181
 0 0.368697
 0 0.361873
 0 0.3998
 0 0.357848
 0 0.241886
 0 0.358606
 0 0.324441
 0 0.295637
 0 0.259729
 0 0.266654
 0 0.49457
 0 0.332517
 0 0.430194
 0 0.305957
 0 0.268191
 0 0.342492
 0 0.329115
 0 0.384604
 0 0.366372
 0 0.379192
 0 0.353709
 0 0.350853
 0 0.352607
 0 0.264171
 0 0.30933
 0 0.343583
 0 0.349768
 0 0.350118
 0 0.348967
 0 0.267997
 0 0.296573
 0 0.390148
 0 0.36934
 0 0.268449
 0 0.302025
 0 0.347146
 0 0.363362
 0 0.316823
 0 0.345375
 0 0.332895
 0 0.330142
 0 0.312042
 0 0.32369
 0 0.383724
 0 0.337712
 0 0.303391
 0 0.310747
 0 0.428821
 0 0.326495
 0 0.385041
 0 0.271976
 0 0.330459
 0 0.333169
 0 0.288205
 0 0.303604
 0 0.27438
 0 0.385772
 0 0.311038
 0 0.349231
 0 0.427316
 0 0.343679
 0 0.33157
 0 0.312189
 0 0.305889
 0 0.349711
 0 0.410217
 0 0.407814
 0 0.293072
 0 0.296305
 0 0.398938
 0 0.329657
 0 0.379248
 0 0.301102
 0 0.334358
 0 0.280277
 0 0.393948
 0 0.271735
 0 0.340923
 0 0.30341
 0 0.340139
 0 0.40361
 0 0.304372
 0 0.338397
 0 0.396322
 0 0.369284
 0 0.31713
 0 0.29394
 0 0.389553
 0 0.312082
 0 0.34324
 0 0.326747
 0 0.296119
 0 0.409174
 0 0.327586
 0 0.356356
 0 0.276582
 0 0.360361
 0 0.366969
 0 0.33647
 0 0.311247
 0 0.31809
 0 0.429729
 0 0.338406
 0 0.324797
 0 0.283752
 0 0.363139
 0 0.400534
 0 0.293123
 0 0.285915
 0 0.404619
 0 0.352164
 0 0.313827
 0 0.324033
 0 0.303813
 0 0.362813
 0 0.332399
 0 0.290416
 0 0.364757
 0 0.268305
 0 0.45268
 0 0.266452
 0 0.336172
 0 0.398892
 0 0.353146
 0 0.331276
 0 0.360742
 0 0.29792
 0 0.316643
 0 0.427921
 0 0.358428
 0 0.190019
 0 0.369628
 0 0.250086
 0 0.311551
 0 0.365997
 0 0.460878
 0 0.442801
 0 0.297867
 0 0.361867
 0 0.341799
 0 0.258193
 0 0.312687
 0 0.316353
 0 0.31833
 0 0.317455
 0 0.383984
 0 0.256583
 0 0.312279
 0 0.379445
 0 0.327663
 0 0.371482
 0 0.408096
 0 0.306453
 0 0.367044
 0 0.266969
 0 0.241876
 0 0.33116
 0 0.330363
 0 0.385911
 0 0.403676
 0 0.424864
 0 0.338565
 0 0.298735
 0 0.282602
 0 0.329814
 0 0.383073
 0 0.383155
 0 0.315792
 0 0.283733
 0 0.324518
 0 0.356577
 0 0.362121
 0 0.321707
 0 0.31565
 0 0.377872
 0 0.28496
 0 0.406758
 0 0.304084
 0 0.404003
 0 0.454636
 0 0.263005
 0 0.274714
 0 0.354991
 0 0.395945
 0 0.434369
 0 0.336933
 0 0.400302
 0 0.337351
 0 0.374444
 0 0.37262
 0 0.311258
 0 0.265513
 0 0.378692
 0 0.348943
 0 0.398301
 0 0.384577
 0 0.440829
 0 0.269415
 0 0.371394
 0 0.327716
 0 0.305828
 0 0.328023
 0 0.308398
 0 0.303842
 0 0.300269
 0 0.502674
 0 0.370178
 0 0.304394
 0 0.318425
 0 0.342356
 0 0.363813
 0 0.420578
 0 0.316109
 0 0.36589
 0 0.267002
 0 0.361949
 0 0.312566
 0 0.36781
 0 0.365664
 0 0.277731
 0 0.310435
 0 0.297864
 0 0.323591
 0 0.417692
 0 0.345206
 0 0.303896
 0 0.372031
 0 0.307217
 0 0.493515
 0 0.320931
 0 0.331461
 0 0.261721
 0 0.414061
 0 0.336289
 0 0.337877
 0 0.259796
 0 0.409555
 0 0.403379
 0 0.369342
 0 0.33234
 0 0.315269
 0 0.319319
 0 0.343027
 0 0.347047
 0 0.465457
 0 0.381699
 0 0.249718
 0 0.465532
 0 0.195216
 0 0.317154
 0 0.454744
 0 0.196533
 0 0.411197
 0 0.377887
 0 0.379381
 0 0.304778
 0 0.404643
 0 0.389466
 0 0.373052
 0 0.434254
 0 0.411508
 0 0.281895
 0 0.320853
 0 0.331922
 0 0.271638
 0 0.29685
 0 0.331131
 0 0.32651
 0 0.473859
 0 0.346952
 0 0.35049
 0 0.357107
 0 0.320509
 0 0.389211
 0 0.455018
 0 0.390405
 0 0.4112
 0 0.323812
 0 0.355813
 0 0.248444
 0 0.292726
 0 0.286284
 0 0.382255
 0 0.294775
 0 0.305311
 0 0.268453
 0 0.362876
 0 0.435503
 0 0.274429
 0 0.30561
 0 0.356596
 0 0.426655
 0 0.333082
 0 0.251554
 0 0.364295
 0 0.31335
 0 0.2606
 0 0.340371
 0 0.362252
 0 0.400289
 0 0.260326
 0 0.341313
 0 0.383604
 0 0.429999
 0 0.391198
 0 0.346741
 0 0.309725
 0 0.380639
 0 0.394883
 0 0.353728
 0 0.361303
 0 0.341033
 0 0.358277
 0 0.403568
 0 0.275357
 0 0.286346
 0 0.282958
 0 0.407633
 0 0.365788
 0 0.392988
 0 0.314741
 0 0.286821
 0 0.360392
 0 0.368355
 0 0.371675
 0 0.328877
 0 0.328092
 0 0.420441
 0 0.417409
 0 0.354974
 0 0.369554
 0 0.272964
 0 0.276312
 0 0.279837
 0 0.348977
 0 0.283605
 0 0.364868
 0 0.445809
 0 0.36918
 0 0.411609
 0 0.316278
 0 0.304218
 0 0.365196
 0 0.378316
 0 0.43716
 0 0.347855
 0 0.32506
 0 0.295343
 0 0.403049
 0 0.322941
 0 0.348027
 0 0.3543
 0 0.37333
 0 0.297984
 0 0.362762
 0 0.395726
 0 0.281911
 0 0.339053
 0 0.315014
 0 0.318147
 0 0.330857
 0 0.343705
 0 0.356554
 0 0.330599
 0 0.329703
 0 0.272052
 0 0.333799
 0 0.372011
 0 0.251005
 0 0.398636
 0 0.338004
 0 0.290503
 0 0.324379
 0 0.339873
 0 0.311063
 0 0.445273
 0 0.266553
 0 0.46065
 0 0.369129
 0 0.225746
 0 0.312875
 0 0.322227
 0 0.388496
 0 0.315403
 0 0.362368
 0 0.302081
 0 0.304555
 0 0.233016
 0 0.303952
 0 0.449246
 0 0.359935
 0 0.411757
 0 0.313106
 0 0.257597
 0 0.339155
 0 0.304916
 0 0.40403
 0 0.403108
 0 0.256464
 0 0.345791
 0 0.366585
 0 0.364408
 0 0.338683
 0 0.328803
 0 0.38512
 0 0.295086
 0 0.388468
 0 0.314109
 0 0.356232
 0 0.310729
 0 0.311265
 0 0.399274
 0 0.353206
 0 0.350785
 0 0.265414
 0 0.249317
 0 0.30508
 0 0.377802
 0 0.394041
 0 0.50118
 0 0.34249
 0 0.261396
 0 0.385875
 0 0.384109
 0 0.346716
 0 0.31967
 0 0.359978
 0 0.421762
 0 0.3792
 0 0.340791
 0 0.323966
 0 0.352124
 0 0.309577
 0 0.292257
 0 0.321062
 0 0.279329
 0 0.312977
 0 0.36896
 0 0.404148
 0 0.366169
 0 0.286765
 0 0.201747
 0 0.408207
 0 0.30322
 0 0.255561
 0 0.308618
 0 0.322955
 0 0.341695
 0 0.237521
 0 0.360872
 0 0.232402
 0 0.301438
 0 0.362408
 0 0.317424
 0 0.402423
 0 0.290634
 0 0.294179
 0 0.277122
 0 0.336217
 0 0.314931
 0 0.413472
 0 0.35752
 0 0.336337
 0 0.356652
 0 0.342587
 0 0.287373
 0 0.428854
 0 0.285342
 0 0.328463
 0 0.369551
 0 0.396053
 0 0.323432
 0 0.350814
