603 1 0 0 1
 0 0.342275
 0 0.335669
 0 0.339217
 0 0.385106
 0 0.369507
 0 0.383811
 0 0.464628
 0 0.341701
 0 0.354663
 0 0.386272
 0 0.41778
 0 0.397719
 0 0.284679
 0 0.442334
 0 0.412535
 0 0.374528
 0 0.328683
 0 0.424455
 0 0.335298
 0 0.450922
 0 0.338774
 0 0.342488
 0 0.384464
 0 0.310761
 0 0.443592
 0 0.389493
 0 0.334053
 0 0.414901
 0 0.318799
 0 0.384291
 0 0.365185
 0 0.339444
 0 0.425881
 0 0.221546
 0 0.348481
 0 0.353004
 0 0.382078
 0 0.355286
 0 0.328985
 0 0.413971
 0 0.350262
 0 0.441247
 0 0.295978
 0 0.337259
 0 0.425703
 0 0.298572
 0 0.330591
 0 0.270922
 0 0.358046
 0 0.314669
 0 0.410159
 0 0.361377
 0 0.343586
 0 0.391356
 0 0.477316
 0 0.324528
 0 0.394419
 0 0.362721
 0 0.37846
 0 0.356378
 0 0.346473
 0 0.387331
 0 0.358953
 0 0.432725
 0 0.376645
 0 0.270424
 0 0.39379
 0 0.39313
 0 0.367111
 0 0.380162
 0 0.407556
 0 0.3479
 0 0.373311
 0 0.361745
 0 0.386458
 0 0.281735
 0 0.30338
 0 0.383792
 0 0.366205
 0 0.407704
 0 0.318002
 0 0.412652
 0 0.374146
 0 0.362598
 0 0.308115
 0 0.481514
 0 0.344585
 0 0.358449
 0 0.366422
 0 0.298725
 0 0.367521
 0 0.374079
 0 0.360586
 0 0.343614
 0 0.376122
 0 0.376215
 0 0.293385
 0 0.38388
 0 0.409367
 0 0.330825
 0 0.34665
 0 0.392622
 0 0.349678
 0 0.325502
 0 0.475338
 0 0.449292
 0 0.335799
 0 0.340643
 0 0.300317
 0 0.360079
 0 0.443192
 0 0.264993
 0 0.221837
 0 0.355633
 0 0.320286
 0 0.413797
 0 0.37838
 0 0.41897
 0 0.349405
 0 0.353603
 0 0.395148
 0 0.390139
 0 0.375614
 0 0.321954
 0 0.406496
 0 0.29013
 0 0.499902
 0 0.329794
 0 0.343217
 0 0.375348
 0 0.446306
 0 0.341053
 0 0.339943
 0 0.365452
 0 0.357397
 0 0.430081
 0 0.342879
 0 0.407676
 0 0.373051
 0 0.425139
 0 0.330759
 0 0.360746
 0 0.231111
 0 0.406223
 0 0.430588
 0 0.373621
 0 0.308448
 0 0.353804
 0 0.432885
 0 0.403183
 0 0.440416
 0 0.379587
 0 0.325925
 0 0.370074
 0 0.374951
 0 0.414152
 0 0.345528
 0 0.475554
 0 0.406244
 0 0.360439
 0 0.439404
 0 0.347181
 0 0.381104
 0 0.305238
 0 0.362794
 0 0.406101
 0 0.320027
 0 0.23442
 0 0.410975
 0 0.353518
 0 0.351983
 0 0.372407
 0 0.317224
 0 0.412286
 0 0.373191
 0 0.351977
 0 0.342081
 0 0.372921
 0 0.319155
 0 0.329929
 0 0.37132
 0 0.391198
 0 0.397715
 0 0.375758
 0 0.327741
 0 0.331304
 0 0.287627
 0 0.40745
 0 0.365049
 0 0.367974
 0 0.324199
 0 0.437285
 0 0.33717
 0 0.212225
 0 0.379728
 0 0.349729
 0 0.341935
 0 0.225345
 0 0.286383
 0 0.312854
 0 0.405029
 0 0.46874
 0 0.356254
 0 0.331509
 0 0.393123
 0 0.291722
 0 0.331897
 0 0.471863
 0 0.409502
 0 0.305358
 0 0.376357
 0 0.344514
 0 0.366947
 0 0.393843
 0 0.331357
 0 0.431872
 0 0.407719
 0 0.364194
 0 0.444069
 0 0.299675
 0 0.417571
 0 0.340691
 0 0.443145
 0 0.345753
 0 0.407124
 0 0.338082
 0 0.448194
 0 0.390424
 0 0.334059
 0 0.424982
 0 0.297081
 0 0.298375
 0 0.350837
 0 0.341355
 0 0.310384
 0 0.359682
 0 0.325607
 0 0.293727
 0 0.314251
 0 0.328629
 0 0.40974
 0 0.324763
 0 0.333919
 0 0.388047
 0 0.41943
 0 0.482329
 0 0.439176
 0 0.317104
 0 0.335551
 0 0.442945
 0 0.350174
 0 0.481151
 0 0.366342
 0 0.335796
 0 0.324076
 0 0.371212
 0 0.320255
 0 0.414928
 0 0.411946
 0 0.383994
 0 0.434519
 0 0.334408
 0 0.402789
 0 0.310827
 0 0.327609
 0 0.283469
 0 0.355846
 0 0.381139
 0 0.299386
 0 0.391447
 0 0.527013
 0 0.372066
 0 0.342936
 0 0.309188
 0 0.493984
 0 0.431112
 0 0.287139
 0 0.344814
 0 0.374449
 0 0.356656
 0 0.436301
 0 0.402057
 0 0.281255
 0 0.357059
 0 0.368309
 0 0.328149
 0 0.389022
 0 0.297424
 0 0.306871
 0 0.335142
 0 0.391721
 0 0.577153
 0 0.367479
 0 0.374508
 0 0.392776
 0 0.383659
 0 0.356097
 0 0.381156
 0 0.42632
 0 0.224898
 0 0.382458
 0 0.420258
 0 0.386181
 0 0.352808
 0 0.353537
 0 0.368493
 0 0.475719
 0 0.363436
 0 0.389538
 0 0.375664
 0 0.330847
 0 0.421726
 0 0.3517
 0 0.382453
 0 0.404077
 0 0.458293
 0 0.460397
 0 0.338827
 0 0.46016
 0 0.40439
 0 0.31035
 0 0.36887
 0 0.377507
 0 0.385151
 0 0.384126
 0 0.370054
 0 0.372516
 0 0.358622
 0 0.385849
 0 0.424117
 0 0.33133
 0 0.396555
 0 0.440261
 0 0.323719
 0 0.408439
 0 0.425232
 0 0.355217
 0 0.302221
 0 0.294104
 0 0.396972
 0 0.368281
 0 0.380188
 0 0.410342
 0 0.371262
 0 0.300006
 0 0.370643
 0 0.393437
 0 -0.0248976
 0 0.307
 0 0.384721
 0 0.485388
 0 0.348047
 0 0.410559
 0 0.354632
 0 0.527958
 0 0.333284
 0 0.401851
 0 0.313866
 0 0.339755
 0 0.410308
 0 0.272384
 0 0.461574
 0 0.373272
 0 0.3706
 0 0.333442
 0 0.276979
 0 0.290187
 0 0.379696
 0 0.33815
 0 0.467985
 0 0.301259
 0 0.476796
 0 0.280215
 0 0.430072
 0 0.360573
 0 0.276708
 0 0.27918
 0 0.366965
 0 0.379658
 0 0.471069
 0 0.389969
 0 0.348676
 0 0.352546
 0 0.262805
 0 0.362323
 0 0.306904
 0 0.42801
 0 0.287453
 0 0.278489
 0 0.356289
 0 0.361227
 0 0.327244
 0 0.349015
 0 0.358643
 0 0.354887
 0 0.414145
 0 0.376609
 0 0.338379
 0 0.35787
 0 0.310162
 0 0.410538
 0 0.319651
 0 0.381988
 0 0.381322
 0 0.372008
 0 0.388584
 0 0.42831
 0 0.465828
 0 0.344717
 0 0.323916
 0 0.411233
 0 0.350822
 0 0.285449
 0 0.308267
 0 0.381342
 0 0.208858
 0 0.407894
 0 0.296576
 0 0.423984
 0 0.329516
 0 0.301239
 0 0.391919
 0 0.390933
 0 0.334423
 0 0.370999
 0 0.426084
 0 0.22971
 0 0.323737
 0 0.413177
 0 0.404619
 0 0.249144
 0 0.435673
 0 0.444907
 0 0.343117
 0 0.416362
 0 0.405538
 0 0.272928
 0 0.406477
 0 0.346297
 0 0.272419
 0 0.357973
 0 0.345103
 0 0.379708
 0 0.359151
 0 0.364402
 0 0.374322
 0 0.423351
 0 0.375277
 0 0.399354
 0 0.410402
 0 0.370283
 0 0.342668
 0 0.402107
 0 0.36401
 0 0.417373
 0 0.425532
 0 0.348523
 0 0.432508
 0 0.384744
 0 0.332908
 0 0.390825
 0 0.519778
 0 0.426758
 0 0.39671
 0 0.382003
 0 0.499372
 0 0.398905
 0 0.451067
 0 0.328382
 0 0.333408
 0 0.408117
 0 0.375954
 0 0.372897
 0 0.308329
 0 0.399503
 0 0.355808
 0 0.377769
 0 0.277274
 0 0.364213
 0 0.315565
 0 0.511657
 0 0.450903
 0 0.336037
 0 0.372689
 0 0.359426
 0 0.407314
 0 0.468729
 0 0.4547
 0 0.39247
 0 0.37874
 0 0.308339
 0 0.386689
 0 0.360881
 0 0.283703
 0 0.363965
 0 0.323329
 0 0.376444
 0 0.327596
 0 0.261712
 0 0.446066
 0 0.279325
 0 0.362885
 0 0.387741
 0 0.427985
 0 0.399089
 0 0.351054
 0 0.432662
 0 0.289363
 0 0.372836
 0 0.36966
 0 0.410236
 0 0.406194
 0 0.383228
 0 0.323045
 0 0.319488
 0 0.350632
 0 0.428367
 0 0.343041
 0 0.296391
 0 0.36355
 0 0.323071
 0 0.26572
 0 0.541883
 0 0.386711
 0 0.330521
 0 0.419483
 0 0.271988
 0 0.379765
 0 0.411116
 0 0.318953
 0 0.356377
 0 0.305712
 0 0.364124
 0 0.407043
 0 0.336677
 0 0.254352
 0 0.275771
 0 0.399456
 0 0.375183
 0 0.365497
 0 0.428131
 0 0.374482
 0 0.392975
 0 0.361008
 0 0.32684
 0 0.341026
 0 0.337823
 0 0.382661
 0 0.198464
 0 0.352451
 0 0.424775
 0 0.340465
 0 0.36744
 0 0.41146
 0 0.385906
 0 0.301453
 0 0.40131
 0 0.354217
 0 0.259199
 0 0.351563
 0 0.510806
 0 0.310866
 0 0.329015
 0 0.509333
 0 0.365634
 0 0.342267
 0 0.362037
 0 0.354307
 0 0.402849
 0 0.390286
 0 0.258337
 0 0.450703
 0 0.402968
 0 0.245667
 0 0.268679
 0 0.340504
 0 0.299349
 0 0.370243
 0 0.263063
 0 0.338953
 0 0.40216
 0 0.157597
 0 0.418208
 0 0.304932
 0 0.565743
 0 0.305502
 0 0.24147
 0 0.3319
 0 0.295271
 0 0.333738
 0 0.259827
 0 0.457254
 0 0.330815
 0 0.3848
 0 0.338719
 0 0.378005
 0 0.329983
 0 0.403129
 0 0.272664
 0 0.370155
 0 0.405646
 0 0.356131
 0 0.429959
