553 1 0 0 1
 0 0.318983
 0 0.327904
 0 0.374362
 0 0.346729
 0 0.370696
 0 0.329498
 0 0.382082
 0 0.332187
 0 0.334728
 0 0.343272
 0 0.328739
 0 0.381494
 0 0.313003
 0 0.319169
 0 0.308009
 0 0.309463
 0 0.305302
 0 0.34824
 0 0.345065
 0 0.340707
 0 0.298625
 0 0.380403
 0 0.34623
 0 0.294934
 0 0.374696
 0 0.302717
 0 0.311908
 0 0.308345
 0 0.30417
 0 0.366039
 0 0.371672
 0 0.351609
 0 0.330447
 0 0.390589
 0 0.328892
 0 0.351122
 0 0.402179
 0 0.334179
 0 0.307864
 0 0.302089
 0 0.313173
 0 0.352034
 0 0.308212
 0 0.315635
 0 0.327891
 0 0.308638
 0 0.351148
 0 0.304448
 0 0.319999
 0 0.32251
 0 0.310959
 0 0.330213
 0 0.371371
 0 0.343857
 0 0.329254
 0 0.380018
 0 0.339519
 0 0.29475
 0 0.328317
 0 0.352068
 0 0.34206
 0 0.337204
 0 0.309049
 0 0.340437
 0 0.360465
 0 0.321756
 0 0.294927
 0 0.305075
 0 0.301979
 0 0.323833
 0 0.345914
 0 0.374425
 0 0.3374
 0 0.262073
 0 0.33582
 0 0.32799
 0 0.325611
 0 0.350056
 0 0.37119
 0 0.355841
 0 0.336379
 0 0.361539
 0 0.351557
 0 0.340126
 0 0.320842
 0 0.322175
 0 0.33673
 0 0.310009
 0 0.319962
 0 0.299378
 0 0.376702
 0 0.378892
 0 0.36729
 0 0.318935
 0 0.269319
 0 0.322774
 0 0.262176
 0 0.338429
 0 0.293949
 0 0.328809
 0 0.331804
 0 0.32445
 0 0.330812
 0 0.297733
 0 0.347225
 0 0.338149
 0 0.345349
 0 0.317035
 0 0.336503
 0 0.327522
 0 0.296465
 0 0.32553
 0 0.327059
 0 0.286934
 0 0.369921
 0 0.334741
 0 0.273697
 0 0.270652
 0 0.32486
 0 0.292703
 0 0.185485
 0 0.295144
 0 0.316393
 0 0.346209
 0 0.255421
 0 0.326849
 0 0.334093
 0 0.34036
 0 0.334091
 0 0.327419
 0 0.298124
 0 0.303504
 0 0.334466
 0 0.320361
 0 0.304804
 0 0.307321
 0 0.329027
 0 0.331757
 0 0.294096
 0 0.324804
 0 0.32706
 0 0.284841
 0 0.328632
 0 0.293841
 0 0.328485
 0 0.383693
 0 0.364537
 0 0.318399
 0 0.250931
 0 0.359249
 0 0.338655
 0 0.360248
 0 0.3064
 0 0.277843
 0 0.295291
 0 0.332335
 0 0.30533
 0 0.357518
 0 0.303718
 0 0.31311
 0 0.306897
 0 0.330151
 0 0.28554
 0 0.301874
 0 0.3634
 0 0.268528
 0 0.289445
 0 0.344211
 0 0.36083
 0 0.330144
 0 0.337022
 0 0.309022
 0 0.326798
 0 0.307551
 0 0.279501
 0 0.304894
 0 0.346192
 0 0.336807
 0 0.297777
 0 0.337098
 0 0.305578
 0 0.337536
 0 0.313531
 0 0.278239
 0 0.283552
 0 0.318031
 0 0.316475
 0 0.333283
 0 0.308116
 0 0.361269
 0 0.361895
 0 0.290884
 0 0.321571
 0 0.322456
 0 0.321625
 0 0.292319
 0 0.317222
 0 0.321295
 0 0.286733
 0 0.345244
 0 0.329042
 0 0.354142
 0 0.317937
 0 0.316115
 0 0.363227
 0 0.288953
 0 0.319312
 0 0.349272
 0 0.373443
 0 0.343178
 0 0.283716
 0 0.323951
 0 0.285476
 0 0.30357
 0 0.359906
 0 0.371402
 0 0.363186
 0 0.301831
 0 0.3269
 0 0.322065
 0 0.301472
 0 0.321031
 0 0.292785
 0 0.308796
 0 0.313368
 0 0.357286
 0 0.264576
 0 0.33893
 0 0.291935
 0 0.309828
 0 0.337513
 0 0.322043
 0 0.331027
 0 0.378561
 0 0.301245
 0 0.299216
 0 0.324056
 0 0.305327
 0 0.350453
 0 0.333841
 0 0.370806
 0 0.30974
 0 0.315671
 0 0.358166
 0 0.330512
 0 0.333032
 0 0.349911
 0 0.281939
 0 0.337441
 0 0.338763
 0 0.324037
 0 0.365003
 0 0.288458
 0 0.294413
 0 0.352054
 0 0.315254
 0 0.33092
 0 0.278678
 0 0.348999
 0 0.324388
 0 0.311494
 0 0.314992
 0 0.340696
 0 0.337754
 0 0.352564
 0 0.322793
 0 0.342134
 0 0.349841
 0 0.303843
 0 0.312252
 0 0.359495
 0 0.32015
 0 0.334509
 0 0.349613
 0 0.337384
 0 0.351853
 0 0.324314
 0 0.286654
 0 0.337182
 0 0.310225
 0 0.342507
 0 0.313846
 0 0.333647
 0 0.333895
 0 0.325242
 0 0.351316
 0 0.335797
 0 0.340681
 0 0.299866
 0 0.321091
 0 0.390222
 0 0.288573
 0 0.333344
 0 0.295538
 0 0.300932
 0 0.374989
 0 0.327931
 0 0.362165
 0 0.357893
 0 0.311452
 0 0.313271
 0 0.277185
 0 0.314414
 0 0.373239
 0 0.280942
 0 0.326268
 0 0.374508
 0 0.294931
 0 0.373332
 0 0.344221
 0 0.342743
 0 0.312537
 0 0.362757
 0 0.332329
 0 0.282224
 0 0.309561
 0 0.373865
 0 0.361767
 0 0.352145
 0 0.331558
 0 0.300019
 0 0.304568
 0 0.339758
 0 0.359058
 0 0.345341
 0 0.382022
 0 0.299871
 0 0.344394
 0 0.294481
 0 0.328478
 0 0.387722
 0 0.213231
 0 0.358894
 0 0.320488
 0 0.35389
 0 0.320503
 0 0.310458
 0 0.321307
 0 0.347325
 0 0.340508
 0 0.37071
 0 0.32274
 0 0.345548
 0 0.365904
 0 0.295395
 0 0.317343
 0 0.322561
 0 0.331547
 0 0.346325
 0 0.360108
 0 0.330328
 0 0.355662
 0 0.34049
 0 0.366432
 0 0.436725
 0 0.316292
 0 0.3547
 0 0.326903
 0 0.399095
 0 0.303375
 0 0.319219
 0 0.349224
 0 0.331832
 0 0.342854
 0 0.324191
 0 0.291553
 0 0.308785
 0 0.35089
 0 0.350999
 0 0.35098
 0 0.316979
 0 0.325944
 0 0.344208
 0 0.292427
 0 0.348246
 0 0.320014
 0 0.31745
 0 0.308714
 0 0.323909
 0 0.353545
 0 0.360427
 0 0.332565
 0 0.360268
 0 0.330087
 0 0.308513
 0 0.313494
 0 0.301181
 0 0.342178
 0 0.343497
 0 0.304812
 0 0.351401
 0 0.320011
 0 0.364121
 0 0.360564
 0 0.291722
 0 0.336876
 0 0.27947
 0 0.425946
 0 0.354296
 0 0.322346
 0 0.342099
 0 0.272574
 0 0.367148
 0 0.339276
 0 0.36353
 0 0.324663
 0 0.325762
 0 0.369785
 0 0.335292
 0 0.336024
 0 0.253105
 0 0.300047
 0 0.325267
 0 0.34324
 0 0.330327
 0 0.284745
 0 0.313972
 0 0.313406
 0 0.368905
 0 0.35305
 0 0.33162
 0 0.332277
 0 0.337162
 0 0.376752
 0 0.340836
 0 0.314957
 0 0.325938
 0 0.306218
 0 0.369428
 0 0.324797
 0 0.322508
 0 0.327312
 0 0.325006
 0 0.297485
 0 0.340493
 0 0.348851
 0 0.28579
 0 0.321952
 0 0.337648
 0 0.328513
 0 0.31374
 0 0.325074
 0 0.34829
 0 0.31624
 0 0.325076
 0 0.322529
 0 0.352443
 0 0.347814
 0 0.294004
 0 0.348573
 0 0.307284
 0 0.345307
 0 0.321959
 0 0.341728
 0 0.345306
 0 0.33258
 0 0.342072
 0 0.365688
 0 0.405715
 0 0.318662
 0 0.355311
 0 0.311292
 0 0.338187
 0 0.296593
 0 0.331362
 0 0.317249
 0 0.292161
 0 0.326952
 0 0.321253
 0 0.370685
 0 0.342464
 0 0.320076
 0 0.283747
 0 0.270486
 0 0.325312
 0 0.339495
 0 0.352723
 0 0.358282
 0 0.271412
 0 0.294407
 0 0.318471
 0 0.341314
 0 0.3243
 0 0.321199
 0 0.337321
 0 0.33757
 0 0.336599
 0 0.339206
 0 0.351396
 0 0.322197
 0 0.325768
 0 0.343799
 0 0.290824
 0 0.323823
 0 0.313407
 0 0.324174
 0 0.303535
 0 0.349846
 0 0.353832
 0 0.34285
 0 0.33707
 0 0.288912
 0 0.330011
 0 0.342239
 0 0.361618
 0 0.358912
 0 0.350376
 0 0.340796
 0 0.362773
 0 0.377476
 0 0.364729
 0 0.326941
 0 0.294267
 0 0.328878
 0 0.295182
 0 0.319272
 0 0.371932
 0 0.304944
 0 0.355261
 0 0.346104
 0 0.303159
 0 0.290836
 0 0.375335
 0 0.356403
 0 0.331429
 0 0.318562
 0 0.290738
 0 0.348031
 0 0.305323
 0 0.362904
 0 0.269838
 0 0.325795
 0 0.281268
 0 0.340441
 0 0.33701
 0 0.326489
 0 0.330962
 0 0.312273
 0 0.337733
 0 0.355722
 0 0.367542
 0 0.364154
 0 0.359287
 0 0.36073
 0 0.29644
 0 0.322597
 0 0.343201
 0 0.313616
 0 0.314297
 0 0.326275
 0 0.34262
 0 0.275349
 0 0.336957
