603 1 0 0 1
 0 0.362775
 0 0.389604
 0 0.376534
 0 0.361391
 0 0.411742
 0 0.416799
 0 0.36721
 0 0.38251
 0 0.361771
 0 0.390585
 0 0.41947
 0 0.374725
 0 0.355288
 0 0.389976
 0 0.381275
 0 0.400365
 0 0.350869
 0 0.370291
 0 0.364456
 0 0.397809
 0 0.344757
 0 0.39513
 0 0.399045
 0 0.403677
 0 0.351148
 0 0.383067
 0 0.384912
 0 0.414879
 0 0.395067
 0 0.396755
 0 0.333442
 0 0.372249
 0 0.371579
 0 0.364207
 0 0.357177
 0 0.433686
 0 0.369021
 0 0.349364
 0 0.358697
 0 0.36382
 0 0.414413
 0 0.372101
 0 0.39549
 0 0.379145
 0 0.404169
 0 0.356055
 0 0.379547
 0 0.374069
 0 0.397366
 0 0.353193
 0 0.380118
 0 0.399288
 0 0.36129
 0 0.349123
 0 0.440791
 0 0.401646
 0 0.411946
 0 0.396115
 0 0.34702
 0 0.386501
 0 0.389875
 0 0.387673
 0 0.380665
 0 0.386427
 0 0.369061
 0 0.384683
 0 0.344143
 0 0.348458
 0 0.385431
 0 0.385508
 0 0.372571
 0 0.394641
 0 0.388223
 0 0.391731
 0 0.424011
 0 0.340353
 0 0.400005
 0 0.370825
 0 0.395604
 0 0.39754
 0 0.383792
 0 0.377053
 0 0.3886
 0 0.394845
 0 0.356462
 0 0.40487
 0 0.371599
 0 0.412072
 0 0.377601
 0 0.382946
 0 0.408803
 0 0.385595
 0 0.373574
 0 0.421801
 0 0.388242
 0 0.362413
 0 0.341649
 0 0.404957
 0 0.398979
 0 0.385391
 0 0.375546
 0 0.37597
 0 0.370601
 0 0.363988
 0 0.390443
 0 0.377042
 0 0.397176
 0 0.396772
 0 0.381178
 0 0.357026
 0 0.402959
 0 0.301739
 0 0.346811
 0 0.37317
 0 0.343071
 0 0.390868
 0 0.352686
 0 0.45021
 0 0.395783
 0 0.380899
 0 0.372486
 0 0.38823
 0 0.394537
 0 0.370753
 0 0.397201
 0 0.371598
 0 0.412717
 0 0.392176
 0 0.375465
 0 0.38004
 0 0.406145
 0 0.355172
 0 0.387271
 0 0.410376
 0 0.359171
 0 0.392465
 0 0.343792
 0 0.359064
 0 0.377163
 0 0.430966
 0 0.396363
 0 0.364164
 0 0.371341
 0 0.410025
 0 0.383058
 0 0.39454
 0 0.393777
 0 0.403836
 0 0.375043
 0 0.38542
 0 0.409148
 0 0.385777
 0 0.340508
 0 0.395487
 0 0.38659
 0 0.369684
 0 0.396835
 0 0.417517
 0 0.383766
 0 0.374875
 0 0.394478
 0 0.379498
 0 0.370334
 0 0.34001
 0 0.39722
 0 0.376209
 0 0.409052
 0 0.3676
 0 0.395878
 0 0.376997
 0 0.411161
 0 0.374995
 0 0.36062
 0 0.402719
 0 0.372696
 0 0.372894
 0 0.392587
 0 0.385077
 0 0.375325
 0 0.35693
 0 0.365418
 0 0.38609
 0 0.375481
 0 0.367744
 0 0.380475
 0 0.383257
 0 0.326205
 0 0.346248
 0 0.405484
 0 0.395826
 0 0.372835
 0 0.385082
 0 0.352181
 0 0.316345
 0 0.354959
 0 0.387307
 0 0.391425
 0 0.338661
 0 0.383113
 0 0.37047
 0 0.41672
 0 0.399706
 0 0.381883
 0 0.361201
 0 0.359123
 0 0.376568
 0 0.381386
 0 0.372232
 0 0.382545
 0 0.360343
 0 0.404171
 0 0.399967
 0 0.329881
 0 0.39939
 0 0.3998
 0 0.407386
 0 0.394167
 0 0.388789
 0 0.395761
 0 0.371137
 0 0.358949
 0 0.356713
 0 0.387629
 0 0.406217
 0 0.364027
 0 0.36922
 0 0.364566
 0 0.393972
 0 0.351223
 0 0.389727
 0 0.333073
 0 0.420039
 0 0.371457
 0 0.356609
 0 0.361142
 0 0.392245
 0 0.36874
 0 0.38128
 0 0.363371
 0 0.356123
 0 0.344233
 0 0.378634
 0 0.378754
 0 0.404231
 0 0.345167
 0 0.435628
 0 0.414689
 0 0.369772
 0 0.336643
 0 0.359381
 0 0.406358
 0 0.410024
 0 0.386625
 0 0.404877
 0 0.394052
 0 0.367537
 0 0.353896
 0 0.376607
 0 0.394627
 0 0.342889
 0 0.389809
 0 0.377793
 0 0.367497
 0 0.365451
 0 0.410906
 0 0.367359
 0 0.382923
 0 0.410606
 0 0.359946
 0 0.395532
 0 0.40852
 0 0.378624
 0 0.383668
 0 0.393604
 0 0.408502
 0 0.398662
 0 0.354195
 0 0.377561
 0 0.377799
 0 0.352421
 0 0.423995
 0 0.393561
 0 0.375121
 0 0.38982
 0 0.399269
 0 0.382157
 0 0.423598
 0 0.388209
 0 0.381021
 0 0.403163
 0 0.402283
 0 0.365991
 0 0.381064
 0 0.368675
 0 0.399015
 0 0.376933
 0 0.411314
 0 0.400357
 0 0.385389
 0 0.274518
 0 0.398362
 0 0.429027
 0 0.343757
 0 0.327591
 0 0.385884
 0 0.388526
 0 0.430633
 0 0.368234
 0 0.359162
 0 0.389073
 0 0.363806
 0 0.381681
 0 0.389694
 0 0.400868
 0 0.366291
 0 0.399276
 0 0.408373
 0 0.388501
 0 0.385395
 0 0.393553
 0 0.359545
 0 0.370698
 0 0.400814
 0 0.403617
 0 0.397882
 0 0.371712
 0 0.389722
 0 0.388687
 0 0.389053
 0 0.391956
 0 0.384251
 0 0.402273
 0 0.39655
 0 0.395762
 0 0.378777
 0 0.392891
 0 0.390676
 0 0.367786
 0 0.390822
 0 0.407714
 0 0.339984
 0 0.395035
 0 0.392501
 0 0.398433
 0 0.364638
 0 0.397033
 0 0.41418
 0 0.317445
 0 0.358799
 0 0.369621
 0 0.392854
 0 0.333703
 0 0.416159
 0 0.393522
 0 0.449861
 0 0.380318
 0 0.391601
 0 0.354876
 0 0.397236
 0 0.340999
 0 0.377059
 0 0.383554
 0 0.352984
 0 0.399722
 0 0.354183
 0 0.338212
 0 0.373727
 0 0.385434
 0 0.376773
 0 0.41154
 0 0.374724
 0 0.374489
 0 0.374341
 0 0.399525
 0 0.413124
 0 0.368467
 0 0.362672
 0 0.404788
 0 0.377078
 0 0.39511
 0 0.399351
 0 0.394906
 0 0.375583
 0 0.394794
 0 0.379519
 0 0.392833
 0 0.370403
 0 0.349925
 0 0.347419
 0 0.379291
 0 0.356081
 0 0.36067
 0 0.385093
 0 0.391263
 0 0.384369
 0 0.361746
 0 0.349025
 0 0.386617
 0 0.397834
 0 0.381932
 0 0.370895
 0 0.422803
 0 0.418702
 0 0.40408
 0 0.396775
 0 0.367697
 0 0.406327
 0 0.407137
 0 0.361667
 0 0.364956
 0 0.370058
 0 0.393057
 0 0.369441
 0 0.367227
 0 0.379874
 0 0.358801
 0 0.383965
 0 0.372736
 0 0.387499
 0 0.392372
 0 0.37821
 0 0.368915
 0 0.376908
 0 0.362479
 0 0.357708
 0 0.397543
 0 0.357008
 0 0.372023
 0 0.40431
 0 0.416474
 0 0.350191
 0 0.389762
 0 0.420708
 0 0.406326
 0 0.374443
 0 0.364362
 0 0.388193
 0 0.404229
 0 0.364729
 0 0.36234
 0 0.391828
 0 0.387374
 0 0.414464
 0 0.400462
 0 0.373053
 0 0.396246
 0 0.392375
 0 0.435731
 0 0.379319
 0 0.428226
 0 0.398046
 0 0.379463
 0 0.356968
 0 0.388997
 0 0.397724
 0 0.424371
 0 0.362685
 0 0.391578
 0 0.382806
 0 0.361099
 0 0.402016
 0 0.416204
 0 0.409557
 0 0.365775
 0 0.399544
 0 0.401407
 0 0.402485
 0 0.415427
 0 0.379688
 0 0.374385
 0 0.369594
 0 0.447783
 0 0.42544
 0 0.333404
 0 0.421264
 0 0.398575
 0 0.391507
 0 0.368095
 0 0.390809
 0 0.343821
 0 0.40554
 0 0.403695
 0 0.427975
 0 0.33966
 0 0.412788
 0 0.374974
 0 0.388994
 0 0.375195
 0 0.40088
 0 0.398969
 0 0.383286
 0 0.382977
 0 0.40951
 0 0.373011
 0 0.358399
 0 0.356418
 0 0.384202
 0 0.384654
 0 0.363848
 0 0.367546
 0 0.38212
 0 0.403466
 0 0.415807
 0 0.400731
 0 0.420794
 0 0.351574
 0 0.386488
 0 0.39071
 0 0.39116
 0 0.372503
 0 0.39356
 0 0.399679
 0 0.388497
 0 0.39226
 0 0.376715
 0 0.378297
 0 0.394309
 0 0.372499
 0 0.34338
 0 0.441094
 0 0.392431
 0 0.345979
 0 0.43955
 0 0.379695
 0 0.418575
 0 0.404329
 0 0.35682
 0 0.417282
 0 0.403374
 0 0.33137
 0 0.362499
 0 0.389176
 0 0.407137
 0 0.378171
 0 0.37162
 0 0.378356
 0 0.355159
 0 0.415612
 0 0.386479
 0 0.39377
 0 0.392684
 0 0.386019
 0 0.40158
 0 0.415142
 0 0.35022
 0 0.389275
 0 0.41931
 0 0.397721
 0 0.349765
 0 0.406221
 0 0.454257
 0 0.382684
 0 0.367287
 0 0.406479
 0 0.371406
 0 0.3472
 0 0.392051
 0 0.388014
 0 0.354063
 0 0.361886
 0 0.404539
 0 0.382459
 0 0.379305
 0 0.396863
 0 0.34881
 0 0.357487
 0 0.397814
 0 0.412404
 0 0.37641
 0 0.357525
 0 0.355913
 0 0.379373
 0 0.420895
 0 0.399827
 0 0.35444
 0 0.387805
 0 0.384916
 0 0.400686
 0 0.394465
 0 0.358203
 0 0.40614
 0 0.313304
 0 0.414825
 0 0.371927
 0 0.392211
 0 0.382369
 0 0.370201
 0 0.37126
 0 0.331986
 0 0.3684
 0 0.368243
 0 0.379908
 0 0.391901
 0 0.37176
 0 0.379871
 0 0.440415
 0 0.388164
 0 0.4159
 0 0.362232
 0 0.394117
 0 0.395509
 0 0.387793
 0 0.417114
