553 1 0 0 1
 0 0.31735
 0 0.324789
 0 0.328601
 0 0.322457
 0 0.326631
 0 0.320474
 0 0.361708
 0 0.33224
 0 0.339515
 0 0.345118
 0 0.350567
 0 0.349548
 0 0.314988
 0 0.33745
 0 0.300521
 0 0.328051
 0 0.313557
 0 0.333194
 0 0.3584
 0 0.327016
 0 0.361972
 0 0.335922
 0 0.347826
 0 0.316012
 0 0.348072
 0 0.339494
 0 0.331154
 0 0.337832
 0 0.331831
 0 0.320293
 0 0.343363
 0 0.330951
 0 0.322526
 0 0.375775
 0 0.345893
 0 0.350465
 0 0.331635
 0 0.324062
 0 0.335642
 0 0.331324
 0 0.312719
 0 0.336531
 0 0.323588
 0 0.316995
 0 0.332332
 0 0.328217
 0 0.342735
 0 0.314611
 0 0.33466
 0 0.320357
 0 0.335589
 0 0.327818
 0 0.340331
 0 0.330611
 0 0.316379
 0 0.328601
 0 0.35083
 0 0.33246
 0 0.343529
 0 0.347988
 0 0.334432
 0 0.336268
 0 0.344376
 0 0.342088
 0 0.343754
 0 0.334006
 0 0.325436
 0 0.300049
 0 0.339036
 0 0.326813
 0 0.367778
 0 0.347148
 0 0.335894
 0 0.320182
 0 0.333728
 0 0.332775
 0 0.317547
 0 0.338814
 0 0.343735
 0 0.341726
 0 0.337161
 0 0.336054
 0 0.354478
 0 0.365288
 0 0.306906
 0 0.320893
 0 0.340786
 0 0.308815
 0 0.330607
 0 0.317922
 0 0.326159
 0 0.319248
 0 0.34066
 0 0.343888
 0 0.327925
 0 0.330125
 0 0.301924
 0 0.324963
 0 0.324681
 0 0.328875
 0 0.338188
 0 0.342552
 0 0.322134
 0 0.326133
 0 0.315129
 0 0.351725
 0 0.320667
 0 0.330435
 0 0.31732
 0 0.347063
 0 0.33948
 0 0.320619
 0 0.308434
 0 0.307436
 0 0.323784
 0 0.311095
 0 0.309868
 0 0.338968
 0 0.344693
 0 0.31163
 0 0.292064
 0 0.314122
 0 0.326147
 0 0.32483
 0 0.313355
 0 0.335563
 0 0.354067
 0 0.334861
 0 0.327557
 0 0.344648
 0 0.319562
 0 0.336682
 0 0.327948
 0 0.323139
 0 0.294191
 0 0.288372
 0 0.360596
 0 0.328484
 0 0.32447
 0 0.34245
 0 0.324854
 0 0.353653
 0 0.31962
 0 0.329578
 0 0.346849
 0 0.329953
 0 0.300455
 0 0.324292
 0 0.312172
 0 0.32835
 0 0.323521
 0 0.342282
 0 0.345142
 0 0.297477
 0 0.326612
 0 0.326407
 0 0.341446
 0 0.328205
 0 0.317654
 0 0.335852
 0 0.329465
 0 0.332489
 0 0.315192
 0 0.319164
 0 0.351568
 0 0.320265
 0 0.309419
 0 0.345837
 0 0.326567
 0 0.325559
 0 0.338607
 0 0.316823
 0 0.362862
 0 0.325306
 0 0.305746
 0 0.304705
 0 0.324322
 0 0.32837
 0 0.361948
 0 0.350987
 0 0.326059
 0 0.334136
 0 0.31711
 0 0.304496
 0 0.315043
 0 0.347991
 0 0.302081
 0 0.336066
 0 0.307125
 0 0.352719
 0 0.343903
 0 0.343786
 0 0.327842
 0 0.337497
 0 0.31336
 0 0.285232
 0 0.319826
 0 0.344275
 0 0.310701
 0 0.351362
 0 0.313517
 0 0.343267
 0 0.324006
 0 0.303118
 0 0.336872
 0 0.305362
 0 0.329836
 0 0.330886
 0 0.293303
 0 0.334343
 0 0.31842
 0 0.344978
 0 0.316397
 0 0.330838
 0 0.356396
 0 0.290312
 0 0.324853
 0 0.323245
 0 0.319225
 0 0.333391
 0 0.348407
 0 0.323785
 0 0.33328
 0 0.318421
 0 0.31738
 0 0.37358
 0 0.338808
 0 0.341195
 0 0.332719
 0 0.318138
 0 0.343944
 0 0.330305
 0 0.34859
 0 0.319758
 0 0.344888
 0 0.335828
 0 0.323447
 0 0.348913
 0 0.339365
 0 0.320809
 0 0.324906
 0 0.346886
 0 0.323794
 0 0.328241
 0 0.350836
 0 0.343392
 0 0.322961
 0 0.347282
 0 0.355089
 0 0.32971
 0 0.327721
 0 0.323925
 0 0.315757
 0 0.31732
 0 0.327238
 0 0.338548
 0 0.335375
 0 0.327853
 0 0.321881
 0 0.338642
 0 0.328958
 0 0.348459
 0 0.322489
 0 0.316671
 0 0.306493
 0 0.317485
 0 0.342191
 0 0.334843
 0 0.339017
 0 0.362282
 0 0.335394
 0 0.343422
 0 0.335991
 0 0.332749
 0 0.313275
 0 0.355888
 0 0.314815
 0 0.313196
 0 0.339517
 0 0.320737
 0 0.331766
 0 0.334625
 0 0.339712
 0 0.32525
 0 0.327414
 0 0.320873
 0 0.343783
 0 0.313781
 0 0.3247
 0 0.313282
 0 0.318917
 0 0.368502
 0 0.336567
 0 0.329417
 0 0.34897
 0 0.33964
 0 0.344836
 0 0.349256
 0 0.346928
 0 0.313248
 0 0.332503
 0 0.325282
 0 0.327777
 0 0.319719
 0 0.323961
 0 0.306317
 0 0.337002
 0 0.32939
 0 0.307786
 0 0.318669
 0 0.359122
 0 0.346272
 0 0.336815
 0 0.340458
 0 0.325564
 0 0.333142
 0 0.336104
 0 0.325937
 0 0.35231
 0 0.333827
 0 0.337851
 0 0.303456
 0 0.331025
 0 0.335183
 0 0.325606
 0 0.36148
 0 0.364201
 0 0.356486
 0 0.329534
 0 0.349549
 0 0.365424
 0 0.355576
 0 0.339831
 0 0.345095
 0 0.330088
 0 0.333896
 0 0.341147
 0 0.340041
 0 0.348727
 0 0.352822
 0 0.333112
 0 0.337885
 0 0.346158
 0 0.34038
 0 0.349837
 0 0.35099
 0 0.348288
 0 0.337589
 0 0.342463
 0 0.314955
 0 0.349049
 0 0.314296
 0 0.335244
 0 0.332677
 0 0.325527
 0 0.345415
 0 0.339718
 0 0.363896
 0 0.328525
 0 0.345266
 0 0.326517
 0 0.339061
 0 0.344815
 0 0.340965
 0 0.335717
 0 0.306962
 0 0.332718
 0 0.341665
 0 0.340809
 0 0.366421
 0 0.343414
 0 0.319338
 0 0.334464
 0 0.333234
 0 0.320221
 0 0.331765
 0 0.320073
 0 0.343324
 0 0.339491
 0 0.339419
 0 0.337673
 0 0.334946
 0 0.329531
 0 0.316167
 0 0.332213
 0 0.3377
 0 0.337931
 0 0.329631
 0 0.350728
 0 0.338123
 0 0.341653
 0 0.332404
 0 0.326032
 0 0.332645
 0 0.30059
 0 0.325123
 0 0.360971
 0 0.353919
 0 0.304083
 0 0.322726
 0 0.359259
 0 0.335521
 0 0.358706
 0 0.370482
 0 0.310883
 0 0.345692
 0 0.330459
 0 0.323366
 0 0.34559
 0 0.340934
 0 0.313366
 0 0.320263
 0 0.344865
 0 0.317027
 0 0.322536
 0 0.315632
 0 0.339757
 0 0.323737
 0 0.359332
 0 0.335551
 0 0.347737
 0 0.33547
 0 0.324108
 0 0.34238
 0 0.338273
 0 0.326384
 0 0.325565
 0 0.335083
 0 0.347375
 0 0.334415
 0 0.318398
 0 0.314441
 0 0.339016
 0 0.341207
 0 0.324816
 0 0.337911
 0 0.29508
 0 0.322919
 0 0.325012
 0 0.356896
 0 0.331358
 0 0.332541
 0 0.344446
 0 0.332733
 0 0.332163
 0 0.304811
 0 0.313691
 0 0.326612
 0 0.335223
 0 0.325456
 0 0.326531
 0 0.350044
 0 0.321628
 0 0.337107
 0 0.32792
 0 0.35902
 0 0.313163
 0 0.325885
 0 0.330192
 0 0.316073
 0 0.359227
 0 0.319004
 0 0.335574
 0 0.338854
 0 0.318281
 0 0.321933
 0 0.333262
 0 0.347177
 0 0.326779
 0 0.343562
 0 0.332794
 0 0.337724
 0 0.330313
 0 0.304721
 0 0.346663
 0 0.321886
 0 0.359825
 0 0.331717
 0 0.347704
 0 0.330001
 0 0.338387
 0 0.3444
 0 0.315681
 0 0.316175
 0 0.336592
 0 0.320515
 0 0.357687
 0 0.352509
 0 0.323609
 0 0.341914
 0 0.359917
 0 0.334513
 0 0.323821
 0 0.347318
 0 0.323973
 0 0.337052
 0 0.357656
 0 0.338241
 0 0.350219
 0 0.334627
 0 0.325378
 0 0.338516
 0 0.352001
 0 0.339618
 0 0.319368
 0 0.33709
 0 0.353123
 0 0.354988
 0 0.345997
 0 0.346871
 0 0.353203
 0 0.335714
 0 0.334357
 0 0.334624
 0 0.310261
 0 0.317705
 0 0.329905
 0 0.329529
 0 0.339481
 0 0.331217
 0 0.305324
 0 0.327369
 0 0.321067
 0 0.326035
 0 0.329449
 0 0.306355
 0 0.317804
 0 0.351077
 0 0.323306
 0 0.340143
 0 0.293807
 0 0.324163
 0 0.323554
 0 0.298535
 0 0.329555
 0 0.331876
 0 0.350746
 0 0.317792
 0 0.327032
 0 0.318735
 0 0.339682
 0 0.340604
 0 0.343701
 0 0.346148
 0 0.339666
 0 0.333492
 0 0.339451
 0 0.325924
 0 0.328243
 0 0.325524
 0 0.338841
 0 0.317682
 0 0.339643
