553 1 0 0 1
 0 0.371092
 0 0.357284
 0 0.490318
 0 0.294994
 0 0.353632
 0 0.266833
 0 0.491893
 0 0.336761
 0 0.20416
 0 0.170728
 0 0.219587
 0 0.373941
 0 0.376529
 0 0.266419
 0 0.441283
 0 0.411968
 0 0.34239
 0 0.500379
 0 0.33226
 0 0.414141
 0 0.0465134
 0 0.365534
 0 0.29997
 0 0.25508
 0 0.440441
 0 0.20261
 0 0.382025
 0 0.133811
 0 0.30605
 0 0.286477
 0 0.414569
 0 0.387838
 0 0.321456
 0 0.50607
 0 0.283797
 0 0.273039
 0 0.395939
 0 0.461318
 0 0.14921
 0 0.318808
 0 0.482505
 0 0.253304
 0 0.127643
 0 0.0898433
 0 0.245354
 0 0.426853
 0 0.382227
 0 0.204185
 0 0.233201
 0 0.124509
 0 0.357604
 0 0.258124
 0 0.262625
 0 0.526487
 0 0.324493
 0 0.253997
 0 0.211307
 0 0.22756
 0 0.250808
 0 0.449957
 0 0.431463
 0 0.312508
 0 0.232385
 0 0.276908
 0 0.444727
 0 0.675212
 0 0.162273
 0 0.152463
 0 0.17772
 0 0.302553
 0 0.111955
 0 0.410309
 0 0.350374
 0 0.125018
 0 0.176516
 0 0.37475
 0 0.387976
 0 0.296153
 0 0.309833
 0 0.398091
 0 0.340735
 0 0.252288
 0 0.50717
 0 0.106078
 0 0.231261
 0 0.57819
 0 0.283257
 0 0.21798
 0 0.0538003
 0 0.0728699
 0 0.578277
 0 0.429695
 0 0.518637
 0 0.285097
 0 0.283453
 0 0.106715
 0 0.139901
 0 0.380606
 0 0.475334
 0 0.377467
 0 0.285657
 0 0.104793
 0 0.410345
 0 0.104183
 0 0.235439
 0 0.343971
 0 0.260752
 0 0.253033
 0 0.339637
 0 0.246162
 0 0.0861937
 0 0.33578
 0 0.131169
 0 0.271461
 0 0.344553
 0 0.465879
 0 0.361337
 0 0.0169182
 0 0.184646
 0 0.258309
 0 0.0292453
 0 0.271893
 0 0.423319
 0 0.375812
 0 0.155943
 0 0.252847
 0 0.143006
 0 0.437093
 0 0.251876
 0 0.394388
 0 0.197477
 0 0.32152
 0 0.335932
 0 0.195151
 0 0.306571
 0 0.167733
 0 0.42245
 0 0.218403
 0 0.227475
 0 0.388105
 0 0.328021
 0 0.158408
 0 0.346774
 0 0.147028
 0 0.25872
 0 0.352559
 0 0.343821
 0 0.251828
 0 0.249236
 0 0.575556
 0 0.479093
 0 0.512599
 0 0.342178
 0 0.304003
 0 0.150314
 0 0.401613
 0 0.175147
 0 0.339424
 0 0.310201
 0 0.266582
 0 0.48863
 0 0.267249
 0 0.137931
 0 0.404865
 0 0.214754
 0 -0.14749
 0 0.288783
 0 0.431591
 0 0.335152
 0 0.329666
 0 0.268654
 0 0.166407
 0 0.289712
 0 0.277313
 0 0.31831
 0 0.266486
 0 0.273577
 0 0.253135
 0 0.155882
 0 0.284983
 0 0.213498
 0 0.464935
 0 0.447727
 0 0.273862
 0 0.241337
 0 0.324294
 0 0.367946
 0 0.359848
 0 0.366544
 0 0.424732
 0 0.238951
 0 0.171631
 0 0.478525
 0 0.224
 0 0.44408
 0 0.237652
 0 0.393962
 0 0.197586
 0 0.173959
 0 0.478471
 0 0.126728
 0 0.312527
 0 0.323782
 0 0.369317
 0 0.29568
 0 0.21457
 0 0.256545
 0 0.462793
 0 0.382515
 0 0.275707
 0 0.17181
 0 0.320901
 0 -0.00506669
 0 0.269607
 0 0.288901
 0 0.487186
 0 0.677605
 0 0.206422
 0 0.256607
 0 0.283082
 0 0.154132
 0 0.248479
 0 0.309936
 0 0.35765
 0 0.458832
 0 0.265578
 0 0.259664
 0 0.156889
 0 0.238449
 0 0.298579
 0 0.445733
 0 0.340751
 0 0.275715
 0 0.487193
 0 0.210272
 0 0.23685
 0 0.223429
 0 0.374687
 0 0.512928
 0 0.514708
 0 0.378933
 0 0.202159
 0 0.301126
 0 0.220974
 0 0.251784
 0 0.344903
 0 0.318906
 0 0.0887845
 0 0.155927
 0 0.310684
 0 0.236345
 0 0.492208
 0 0.363442
 0 0.325577
 0 0.325081
 0 0.295796
 0 0.446018
 0 0.229987
 0 0.495244
 0 0.434473
 0 0.243142
 0 0.185896
 0 0.28972
 0 0.27788
 0 0.441805
 0 0.358317
 0 0.520051
 0 0.350477
 0 0.386932
 0 0.20778
 0 0.25749
 0 0.242151
 0 0.318714
 0 0.223278
 0 0.333426
 0 0.289601
 0 0.483616
 0 0.245917
 0 0.554952
 0 0.283576
 0 0.28742
 0 0.252406
 0 0.442319
 0 0.212171
 0 0.22282
 0 0.599093
 0 0.247427
 0 0.240452
 0 0.325491
 0 0.320393
 0 0.51235
 0 0.277306
 0 0.222157
 0 0.228451
 0 0.150574
 0 0.292343
 0 0.174976
 0 0.282416
 0 0.388526
 0 0.369717
 0 0.224498
 0 0.1438
 0 0.181686
 0 0.368995
 0 0.148796
 0 0.188609
 0 0.404505
 0 0.154473
 0 0.578573
 0 0.300614
 0 0.198639
 0 0.119844
 0 0.592486
 0 0.192375
 0 0.114229
 0 0.190823
 0 0.424423
 0 0.445359
 0 0.399454
 0 0.403075
 0 0.250649
 0 0.365403
 0 0.347358
 0 0.147491
 0 0.593493
 0 0.298471
 0 0.0727666
 0 0.457496
 0 0.0982812
 0 0.334305
 0 0.243711
 0 -0.0751301
 0 0.580316
 0 0.315078
 0 0.30641
 0 0.311757
 0 0.379125
 0 0.412574
 0 0.372158
 0 0.508819
 0 0.52126
 0 0.0613053
 0 0.259235
 0 0.294114
 0 0.116041
 0 0.301323
 0 0.295165
 0 0.216157
 0 0.435212
 0 0.516471
 0 0.126374
 0 0.300981
 0 0.194077
 0 0.362424
 0 0.7189
 0 0.381899
 0 0.347569
 0 0.162244
 0 0.385761
 0 0.248513
 0 0.315681
 0 0.105659
 0 0.313858
 0 0.240671
 0 0.182615
 0 0.171773
 0 0.289697
 0 0.420843
 0 0.180545
 0 0.232357
 0 0.286606
 0 0.486951
 0 0.230222
 0 0.135484
 0 0.566491
 0 0.212496
 0 0.137965
 0 0.171696
 0 0.191857
 0 0.374258
 0 0.147668
 0 0.332676
 0 0.428098
 0 0.375978
 0 0.409767
 0 0.320936
 0 0.360835
 0 0.327195
 0 0.357759
 0 0.0878089
 0 0.374181
 0 0.26936
 0 0.444581
 0 0.290629
 0 0.139118
 0 0.269774
 0 0.141522
 0 0.49327
 0 0.313326
 0 0.481398
 0 0.239833
 0 0.0662896
 0 0.425375
 0 0.24711
 0 0.360544
 0 0.266649
 0 0.365199
 0 0.507004
 0 0.243318
 0 0.3673
 0 0.176761
 0 0.220106
 0 0.151073
 0 0.180046
 0 0.373905
 0 0.151978
 0 0.372281
 0 0.265208
 0 0.175139
 0 0.453284
 0 0.339058
 0 0.175954
 0 0.257422
 0 0.362911
 0 0.313704
 0 0.30978
 0 0.356658
 0 0.165941
 0 0.423978
 0 0.347809
 0 0.196219
 0 0.371317
 0 0.374745
 0 0.199725
 0 0.416946
 0 0.346366
 0 0.130227
 0 0.384454
 0 0.337483
 0 0.174421
 0 0.361286
 0 0.304194
 0 0.473117
 0 0.302865
 0 0.195166
 0 0.284014
 0 0.360763
 0 0.30627
 0 0.106741
 0 0.226049
 0 0.277681
 0 0.0752313
 0 0.315699
 0 0.465148
 0 0.234222
 0 0.266188
 0 0.2033
 0 0.374977
 0 0.308173
 0 0.0821658
 0 0.179259
 0 0.159604
 0 0.281957
 0 0.25154
 0 0.243399
 0 0.116766
 0 0.308593
 0 0.17665
 0 0.232008
 0 0.477543
 0 0.446206
 0 0.385513
 0 0.144009
 0 0.126893
 0 0.280441
 0 0.185842
 0 0.320943
 0 0.586656
 0 0.0827466
 0 0.344627
 0 0.195512
 0 0.308263
 0 0.444023
 0 0.328971
 0 0.473748
 0 0.184675
 0 0.34387
 0 0.161163
 0 0.294652
 0 0.146333
 0 0.195847
 0 0.315066
 0 0.301334
 0 0.367509
 0 0.222502
 0 0.0472592
 0 0.0680944
 0 0.282591
 0 0.255336
 0 0.538004
 0 0.274615
 0 0.126677
 0 0.292125
 0 0.221892
 0 0.260282
 0 0.294686
 0 0.136475
 0 0.215752
 0 0.46077
 0 0.291189
 0 0.230493
 0 0.236661
 0 0.31764
 0 0.257875
 0 0.0383549
 0 0.346736
 0 0.392443
 0 0.218837
 0 0.443054
 0 0.360465
 0 0.171173
 0 0.167869
 0 0.477416
 0 0.184303
 0 0.151284
 0 0.185157
 0 0.256882
 0 0.254416
 0 0.0532377
 0 0.416588
 0 0.306513
 0 0.4146
 0 0.277135
 0 0.309219
 0 0.366444
 0 0.0521623
 0 0.293377
 0 0.245341
 0 0.271085
 0 0.40887
 0 0.444994
 0 0.277706
 0 0.350191
 0 0.32054
 0 0.289295
 0 0.223902
 0 0.331615
 0 0.148365
 0 0.245424
 0 0.499255
 0 0.32068
 0 0.275967
 0 0.253135
