603 1 0 0 1
 0 0.33597
 0 0.391709
 0 0.372831
 0 0.337106
 0 0.394499
 0 0.409987
 0 0.359416
 0 0.393682
 0 0.351374
 0 0.390645
 0 0.409096
 0 0.384317
 0 0.338016
 0 0.368964
 0 0.387701
 0 0.390358
 0 0.329997
 0 0.360245
 0 0.384865
 0 0.384771
 0 0.343222
 0 0.399491
 0 0.407808
 0 0.375795
 0 0.352636
 0 0.381689
 0 0.378337
 0 0.400422
 0 0.367549
 0 0.405996
 0 0.334924
 0 0.369878
 0 0.366103
 0 0.366925
 0 0.362141
 0 0.421359
 0 0.361694
 0 0.349698
 0 0.350937
 0 0.34493
 0 0.388955
 0 0.354563
 0 0.401649
 0 0.365877
 0 0.383979
 0 0.349448
 0 0.379821
 0 0.376779
 0 0.373035
 0 0.337218
 0 0.329145
 0 0.405796
 0 0.3568
 0 0.332517
 0 0.428467
 0 0.393328
 0 0.408721
 0 0.373173
 0 0.336699
 0 0.367927
 0 0.366438
 0 0.385602
 0 0.374016
 0 0.377706
 0 0.373195
 0 0.369325
 0 0.357319
 0 0.351351
 0 0.357461
 0 0.36433
 0 0.344797
 0 0.38624
 0 0.380322
 0 0.381403
 0 0.430104
 0 0.34997
 0 0.387928
 0 0.362024
 0 0.38629
 0 0.375155
 0 0.369982
 0 0.354231
 0 0.399347
 0 0.38586
 0 0.331865
 0 0.380576
 0 0.348973
 0 0.411912
 0 0.369911
 0 0.369045
 0 0.387921
 0 0.396464
 0 0.375997
 0 0.422
 0 0.379094
 0 0.356278
 0 0.315493
 0 0.399088
 0 0.379839
 0 0.377786
 0 0.357406
 0 0.351277
 0 0.372004
 0 0.374628
 0 0.397798
 0 0.351394
 0 0.38294
 0 0.40844
 0 0.361204
 0 0.348776
 0 0.355349
 0 0.288397
 0 0.348107
 0 0.353767
 0 0.366222
 0 0.373139
 0 0.354587
 0 0.467026
 0 0.3898
 0 0.387329
 0 0.368609
 0 0.371679
 0 0.402325
 0 0.381748
 0 0.40014
 0 0.35932
 0 0.412177
 0 0.403498
 0 0.360507
 0 0.374027
 0 0.393041
 0 0.353524
 0 0.375511
 0 0.41156
 0 0.361505
 0 0.37409
 0 0.338386
 0 0.332547
 0 0.38069
 0 0.408846
 0 0.409925
 0 0.362834
 0 0.377607
 0 0.388032
 0 0.378003
 0 0.388974
 0 0.3884
 0 0.40987
 0 0.348759
 0 0.398321
 0 0.380605
 0 0.38888
 0 0.323836
 0 0.398412
 0 0.382339
 0 0.350512
 0 0.404622
 0 0.393468
 0 0.380177
 0 0.36689
 0 0.390329
 0 0.374663
 0 0.350241
 0 0.323954
 0 0.401797
 0 0.370944
 0 0.395356
 0 0.359957
 0 0.387888
 0 0.382244
 0 0.399464
 0 0.363293
 0 0.342045
 0 0.397897
 0 0.363721
 0 0.370248
 0 0.388293
 0 0.372126
 0 0.348782
 0 0.370339
 0 0.399802
 0 0.381188
 0 0.359752
 0 0.381691
 0 0.393115
 0 0.384901
 0 0.325743
 0 0.366142
 0 0.40942
 0 0.394154
 0 0.364482
 0 0.368265
 0 0.365156
 0 0.323279
 0 0.354997
 0 0.392267
 0 0.390065
 0 0.340386
 0 0.362902
 0 0.371521
 0 0.416483
 0 0.397221
 0 0.390281
 0 0.373784
 0 0.369904
 0 0.346929
 0 0.357379
 0 0.367048
 0 0.383169
 0 0.352407
 0 0.401874
 0 0.394921
 0 0.298489
 0 0.409037
 0 0.421244
 0 0.390534
 0 0.402679
 0 0.386551
 0 0.38748
 0 0.359424
 0 0.383997
 0 0.350255
 0 0.350692
 0 0.396702
 0 0.353905
 0 0.363363
 0 0.360157
 0 0.398345
 0 0.353294
 0 0.401613
 0 0.352442
 0 0.407249
 0 0.369609
 0 0.332968
 0 0.380655
 0 0.393795
 0 0.358555
 0 0.373397
 0 0.345388
 0 0.371306
 0 0.338154
 0 0.364908
 0 0.371629
 0 0.397238
 0 0.333501
 0 0.422365
 0 0.420887
 0 0.353518
 0 0.36305
 0 0.357313
 0 0.405901
 0 0.406198
 0 0.381894
 0 0.423328
 0 0.391884
 0 0.342236
 0 0.347391
 0 0.391612
 0 0.370236
 0 0.337346
 0 0.396341
 0 0.378561
 0 0.321244
 0 0.348945
 0 0.397672
 0 0.346349
 0 0.372229
 0 0.383628
 0 0.366554
 0 0.390236
 0 0.395021
 0 0.362037
 0 0.395713
 0 0.389031
 0 0.394158
 0 0.388599
 0 0.326082
 0 0.390956
 0 0.385622
 0 0.358884
 0 0.415594
 0 0.380306
 0 0.360242
 0 0.368381
 0 0.376568
 0 0.37999
 0 0.405345
 0 0.394641
 0 0.386773
 0 0.41668
 0 0.398374
 0 0.341371
 0 0.391166
 0 0.372804
 0 0.395089
 0 0.370765
 0 0.392766
 0 0.400316
 0 0.36387
 0 0.227938
 0 0.366767
 0 0.430308
 0 0.366179
 0 0.319103
 0 0.397949
 0 0.385528
 0 0.398831
 0 0.371483
 0 0.383791
 0 0.363839
 0 0.336521
 0 0.377664
 0 0.37452
 0 0.411365
 0 0.340536
 0 0.403786
 0 0.380062
 0 0.383192
 0 0.378702
 0 0.384918
 0 0.366619
 0 0.375622
 0 0.388522
 0 0.40388
 0 0.386943
 0 0.378069
 0 0.376875
 0 0.374096
 0 0.384068
 0 0.392018
 0 0.385295
 0 0.397434
 0 0.39919
 0 0.388137
 0 0.367351
 0 0.388583
 0 0.384481
 0 0.373019
 0 0.390557
 0 0.376587
 0 0.312047
 0 0.388327
 0 0.394414
 0 0.375714
 0 0.35866
 0 0.379627
 0 0.410765
 0 0.326239
 0 0.368797
 0 0.351029
 0 0.36786
 0 0.315493
 0 0.401123
 0 0.391849
 0 0.446027
 0 0.378156
 0 0.366511
 0 0.344697
 0 0.396908
 0 0.358184
 0 0.365188
 0 0.381249
 0 0.350955
 0 0.402783
 0 0.365436
 0 0.319751
 0 0.374515
 0 0.387705
 0 0.357177
 0 0.399458
 0 0.368145
 0 0.36709
 0 0.383698
 0 0.395872
 0 0.408963
 0 0.371743
 0 0.371053
 0 0.400782
 0 0.36837
 0 0.393304
 0 0.393114
 0 0.394303
 0 0.363747
 0 0.379892
 0 0.378881
 0 0.37178
 0 0.361492
 0 0.330593
 0 0.318587
 0 0.3821
 0 0.331664
 0 0.36056
 0 0.369038
 0 0.367039
 0 0.374766
 0 0.346305
 0 0.341075
 0 0.377245
 0 0.385389
 0 0.375346
 0 0.384603
 0 0.425468
 0 0.397485
 0 0.387854
 0 0.389471
 0 0.340027
 0 0.397883
 0 0.407576
 0 0.357638
 0 0.366023
 0 0.353354
 0 0.380149
 0 0.364954
 0 0.353589
 0 0.381859
 0 0.34197
 0 0.38254
 0 0.364467
 0 0.348436
 0 0.373876
 0 0.375957
 0 0.343112
 0 0.377605
 0 0.356191
 0 0.325922
 0 0.37245
 0 0.366271
 0 0.364464
 0 0.393245
 0 0.405758
 0 0.356659
 0 0.405443
 0 0.406455
 0 0.399414
 0 0.375473
 0 0.375098
 0 0.396766
 0 0.399516
 0 0.366916
 0 0.355468
 0 0.37006
 0 0.386002
 0 0.405494
 0 0.389128
 0 0.375426
 0 0.391053
 0 0.399383
 0 0.427601
 0 0.375496
 0 0.405633
 0 0.398619
 0 0.378508
 0 0.344232
 0 0.379635
 0 0.373783
 0 0.408739
 0 0.369292
 0 0.405872
 0 0.386271
 0 0.355406
 0 0.388398
 0 0.404364
 0 0.39629
 0 0.391252
 0 0.398161
 0 0.388634
 0 0.381714
 0 0.396465
 0 0.382648
 0 0.381652
 0 0.355098
 0 0.451114
 0 0.423579
 0 0.314533
 0 0.427687
 0 0.412647
 0 0.379834
 0 0.353729
 0 0.358298
 0 0.357075
 0 0.402129
 0 0.40722
 0 0.406963
 0 0.321826
 0 0.404609
 0 0.372838
 0 0.339943
 0 0.386083
 0 0.393831
 0 0.384951
 0 0.396644
 0 0.357081
 0 0.403918
 0 0.369298
 0 0.360702
 0 0.348045
 0 0.379023
 0 0.393727
 0 0.398711
 0 0.360746
 0 0.396476
 0 0.401776
 0 0.417224
 0 0.390894
 0 0.40629
 0 0.337734
 0 0.370193
 0 0.408515
 0 0.397097
 0 0.370759
 0 0.393202
 0 0.378805
 0 0.38794
 0 0.361254
 0 0.399323
 0 0.376834
 0 0.381196
 0 0.390654
 0 0.335236
 0 0.438533
 0 0.401414
 0 0.352585
 0 0.404474
 0 0.395999
 0 0.413549
 0 0.40179
 0 0.349793
 0 0.399488
 0 0.39322
 0 0.320184
 0 0.346454
 0 0.364971
 0 0.405507
 0 0.372627
 0 0.370412
 0 0.387295
 0 0.348701
 0 0.393292
 0 0.379886
 0 0.370271
 0 0.401063
 0 0.383147
 0 0.401185
 0 0.408583
 0 0.367772
 0 0.405434
 0 0.425687
 0 0.38857
 0 0.336827
 0 0.408293
 0 0.421125
 0 0.373158
 0 0.365994
 0 0.411676
 0 0.371601
 0 0.346868
 0 0.384439
 0 0.394875
 0 0.318689
 0 0.365934
 0 0.382047
 0 0.383355
 0 0.387087
 0 0.380926
 0 0.334188
 0 0.345058
 0 0.398593
 0 0.372695
 0 0.404133
 0 0.346879
 0 0.340592
 0 0.365441
 0 0.408121
 0 0.373261
 0 0.353821
 0 0.375294
 0 0.396605
 0 0.398319
 0 0.366315
 0 0.361029
 0 0.394867
 0 0.337966
 0 0.428027
 0 0.365632
 0 0.404107
 0 0.397555
 0 0.378769
 0 0.369786
 0 0.306621
 0 0.369706
 0 0.368817
 0 0.348332
 0 0.387676
 0 0.34959
 0 0.381788
 0 0.451774
 0 0.386858
 0 0.391762
 0 0.381818
 0 0.39619
 0 0.379276
 0 0.365861
 0 0.377158
