553 1 0 0 1
 0 0.383058
 0 0.386196
 0 0.407347
 0 0.428014
 0 0.398628
 0 0.411542
 0 0.451636
 0 0.388034
 0 0.323852
 0 0.355496
 0 0.360638
 0 0.420161
 0 0.399485
 0 0.360011
 0 0.374192
 0 0.40568
 0 0.364149
 0 0.442265
 0 0.360904
 0 0.398247
 0 0.346054
 0 0.404491
 0 0.36448
 0 0.340436
 0 0.487629
 0 0.32895
 0 0.365443
 0 0.338065
 0 0.372516
 0 0.385712
 0 0.417978
 0 0.413121
 0 0.413815
 0 0.457366
 0 0.334358
 0 0.388697
 0 0.458715
 0 0.422086
 0 0.346838
 0 0.404597
 0 0.413145
 0 0.403909
 0 0.361436
 0 0.34137
 0 0.382713
 0 0.371326
 0 0.42748
 0 0.33787
 0 0.34368
 0 0.333316
 0 0.398954
 0 0.376297
 0 0.394201
 0 0.495566
 0 0.367969
 0 0.420071
 0 0.355467
 0 0.31532
 0 0.360815
 0 0.390304
 0 0.414958
 0 0.353704
 0 0.365951
 0 0.367881
 0 0.447199
 0 0.394987
 0 0.338619
 0 0.324177
 0 0.269439
 0 0.382432
 0 0.381521
 0 0.415413
 0 0.38818
 0 0.322159
 0 0.396196
 0 0.413799
 0 0.417174
 0 0.3601
 0 0.398485
 0 0.404762
 0 0.402794
 0 0.404699
 0 0.440153
 0 0.260603
 0 0.398584
 0 0.410307
 0 0.390057
 0 0.378734
 0 0.358536
 0 0.235982
 0 0.39893
 0 0.476909
 0 0.444493
 0 0.394039
 0 0.357853
 0 0.363024
 0 0.280889
 0 0.383371
 0 0.34933
 0 0.376644
 0 0.386504
 0 0.330475
 0 0.376643
 0 0.352814
 0 0.376811
 0 0.385455
 0 0.394676
 0 0.390767
 0 0.459543
 0 0.366645
 0 0.356985
 0 0.372345
 0 0.372727
 0 0.34736
 0 0.40432
 0 0.458096
 0 0.315314
 0 0.328086
 0 0.356363
 0 0.305781
 0 0.268269
 0 0.335243
 0 0.385915
 0 0.430324
 0 0.282591
 0 0.354488
 0 0.318694
 0 0.354784
 0 0.41562
 0 0.418974
 0 0.424888
 0 0.349944
 0 0.354537
 0 0.333386
 0 0.395033
 0 0.32063
 0 0.419932
 0 0.40799
 0 0.385025
 0 0.409137
 0 0.387643
 0 0.338488
 0 0.361058
 0 0.286194
 0 0.403616
 0 0.439777
 0 0.461868
 0 0.343425
 0 0.293454
 0 0.469818
 0 0.410116
 0 0.458151
 0 0.345085
 0 0.304531
 0 0.318807
 0 0.380843
 0 0.319177
 0 0.368882
 0 0.341917
 0 0.349643
 0 0.420841
 0 0.389059
 0 0.298191
 0 0.368895
 0 0.338284
 0 0.226457
 0 0.33874
 0 0.385733
 0 0.376991
 0 0.406898
 0 0.402084
 0 0.321369
 0 0.35281
 0 0.328799
 0 0.341973
 0 0.34076
 0 0.388059
 0 0.339011
 0 0.312941
 0 0.335833
 0 0.341201
 0 0.38338
 0 0.351117
 0 0.294978
 0 0.380138
 0 0.322449
 0 0.365619
 0 0.393783
 0 0.334898
 0 0.423642
 0 0.352963
 0 0.313176
 0 0.419464
 0 0.416328
 0 0.349782
 0 0.295265
 0 0.410074
 0 0.309496
 0 0.332832
 0 0.418169
 0 0.356261
 0 0.370375
 0 0.289588
 0 0.363543
 0 0.386514
 0 0.363465
 0 0.390683
 0 0.37949
 0 0.436456
 0 0.3751
 0 0.295497
 0 0.353021
 0 0.302511
 0 0.352911
 0 0.361912
 0 0.442499
 0 0.461846
 0 0.343159
 0 0.445573
 0 0.339638
 0 0.225511
 0 0.336818
 0 0.308608
 0 0.365543
 0 0.466951
 0 0.379265
 0 0.2718
 0 0.406664
 0 0.396882
 0 0.331458
 0 0.416496
 0 0.439919
 0 0.401783
 0 0.463685
 0 0.285415
 0 0.371047
 0 0.320972
 0 0.347704
 0 0.43045
 0 0.42585
 0 0.46747
 0 0.307635
 0 0.337786
 0 0.380761
 0 0.399264
 0 0.399694
 0 0.393896
 0 0.329154
 0 0.363899
 0 0.379844
 0 0.383578
 0 0.453258
 0 0.284422
 0 0.389744
 0 0.356689
 0 0.336916
 0 0.420757
 0 0.356875
 0 0.441043
 0 0.415848
 0 0.37071
 0 0.345431
 0 0.369468
 0 0.390531
 0 0.475823
 0 0.376533
 0 0.369569
 0 0.405729
 0 0.363949
 0 0.397205
 0 0.416997
 0 0.367409
 0 0.397644
 0 0.392291
 0 0.361604
 0 0.357601
 0 0.3798
 0 0.321068
 0 0.35866
 0 0.317639
 0 0.347375
 0 0.356681
 0 0.414047
 0 0.356307
 0 0.355129
 0 0.392213
 0 0.3186
 0 0.385082
 0 0.343724
 0 0.418214
 0 0.548824
 0 0.283906
 0 0.346474
 0 0.317752
 0 0.369294
 0 0.39899
 0 0.324925
 0 0.421335
 0 0.402101
 0 0.365384
 0 0.376256
 0 0.315845
 0 0.296928
 0 0.441304
 0 0.29824
 0 0.359895
 0 0.42639
 0 0.318562
 0 0.388583
 0 0.423856
 0 0.345138
 0 0.347443
 0 0.46367
 0 0.34424
 0 0.284732
 0 0.423639
 0 0.404145
 0 0.400243
 0 0.461163
 0 0.343652
 0 0.301428
 0 0.368268
 0 0.388275
 0 0.399695
 0 0.406708
 0 0.405504
 0 0.340019
 0 0.404912
 0 0.314062
 0 0.369664
 0 0.450037
 0 0.257767
 0 0.417381
 0 0.365195
 0 0.379403
 0 0.347016
 0 0.382822
 0 0.38377
 0 0.417511
 0 0.420318
 0 0.480702
 0 0.312698
 0 0.373815
 0 0.438614
 0 0.297909
 0 0.370319
 0 0.394629
 0 0.322904
 0 0.447274
 0 0.462764
 0 0.428438
 0 0.418816
 0 0.373826
 0 0.448469
 0 0.480794
 0 0.441505
 0 0.435256
 0 0.34369
 0 0.42517
 0 0.328116
 0 0.340766
 0 0.337101
 0 0.396544
 0 0.368428
 0 0.335476
 0 0.303681
 0 0.413757
 0 0.383028
 0 0.359228
 0 0.416179
 0 0.370095
 0 0.404495
 0 0.353086
 0 0.324422
 0 0.431967
 0 0.381781
 0 0.364304
 0 0.283374
 0 0.38265
 0 0.420183
 0 0.403058
 0 0.391914
 0 0.43316
 0 0.416033
 0 0.391356
 0 0.373583
 0 0.386135
 0 0.390775
 0 0.381521
 0 0.401794
 0 0.447433
 0 0.41818
 0 0.45745
 0 0.37083
 0 0.296777
 0 0.351636
 0 0.297037
 0 0.45993
 0 0.420888
 0 0.353603
 0 0.356858
 0 0.242615
 0 0.423541
 0 0.40009
 0 0.477629
 0 0.33817
 0 0.381414
 0 0.452284
 0 0.41129
 0 0.386694
 0 0.329107
 0 0.357783
 0 0.359459
 0 0.389172
 0 0.325723
 0 0.272712
 0 0.35868
 0 0.396268
 0 0.372386
 0 0.392342
 0 0.360923
 0 0.321454
 0 0.370366
 0 0.419356
 0 0.362936
 0 0.386181
 0 0.369417
 0 0.333572
 0 0.419703
 0 0.457617
 0 0.336745
 0 0.443496
 0 0.385905
 0 0.311631
 0 0.364976
 0 0.372898
 0 0.316485
 0 0.373997
 0 0.356839
 0 0.365496
 0 0.393475
 0 0.390082
 0 0.387437
 0 0.37889
 0 0.362015
 0 0.408145
 0 0.452243
 0 0.365042
 0 0.291419
 0 0.299764
 0 0.297828
 0 0.383862
 0 0.416675
 0 0.369149
 0 0.409678
 0 0.411285
 0 0.468583
 0 0.46851
 0 0.455993
 0 0.399153
 0 0.387825
 0 0.319755
 0 0.384736
 0 0.335771
 0 0.394668
 0 0.325444
 0 0.316073
 0 0.406945
 0 0.323334
 0 0.429028
 0 0.466843
 0 0.391422
 0 0.351801
 0 0.259625
 0 0.384065
 0 0.363313
 0 0.423126
 0 0.4632
 0 0.216395
 0 0.39048
 0 0.325333
 0 0.367196
 0 0.353166
 0 0.364039
 0 0.41307
 0 0.402872
 0 0.387033
 0 0.334588
 0 0.398706
 0 0.296011
 0 0.365743
 0 0.406936
 0 0.37958
 0 0.385372
 0 0.395703
 0 0.279289
 0 0.376207
 0 0.371226
 0 0.404901
 0 0.416921
 0 0.392623
 0 0.28285
 0 0.313586
 0 0.38043
 0 0.402845
 0 0.411897
 0 0.359249
 0 0.355103
 0 0.458893
 0 0.405665
 0 0.337281
 0 0.372032
 0 0.306909
 0 0.378058
 0 0.367483
 0 0.399158
 0 0.428176
 0 0.357785
 0 0.438161
 0 0.382348
 0 0.300796
 0 0.369253
 0 0.460821
 0 0.379279
 0 0.329637
 0 0.356243
 0 0.34037
 0 0.396607
 0 0.28445
 0 0.404269
 0 0.341409
 0 0.405138
 0 0.319625
 0 0.462513
 0 0.425282
 0 0.341255
 0 0.374177
 0 0.345926
 0 0.395589
 0 0.389894
 0 0.391461
 0 0.427608
 0 0.350878
 0 0.364437
 0 0.316616
 0 0.388079
 0 0.40108
 0 0.329305
 0 0.395243
 0 0.375361
 0 0.435295
 0 0.294261
 0 0.355412
