603 1 0 0 1
 0 0.293135
 0 0.361488
 0 0.332318
 0 0.335791
 0 0.344979
 0 0.369491
 0 0.334819
 0 0.341896
 0 0.295041
 0 0.331761
 0 0.407362
 0 0.317733
 0 0.318549
 0 0.391368
 0 0.310515
 0 0.32168
 0 0.294142
 0 0.317087
 0 0.300524
 0 0.312926
 0 0.264129
 0 0.363429
 0 0.370415
 0 0.321788
 0 0.318024
 0 0.265539
 0 0.305085
 0 0.378515
 0 0.35029
 0 0.373113
 0 0.272639
 0 0.342137
 0 0.348285
 0 0.270993
 0 0.307133
 0 0.345734
 0 0.33226
 0 0.307581
 0 0.306445
 0 0.340155
 0 0.361207
 0 0.302306
 0 0.356468
 0 0.30617
 0 0.372498
 0 0.294802
 0 0.340696
 0 0.303853
 0 0.336038
 0 0.307255
 0 0.306108
 0 0.3769
 0 0.333584
 0 0.306586
 0 0.367414
 0 0.354995
 0 0.359011
 0 0.333115
 0 0.306689
 0 0.307871
 0 0.346748
 0 0.367585
 0 0.324355
 0 0.33072
 0 0.362003
 0 0.322418
 0 0.329316
 0 0.322631
 0 0.341184
 0 0.305782
 0 0.318563
 0 0.315265
 0 0.316804
 0 0.360724
 0 0.393072
 0 0.312768
 0 0.32662
 0 0.3118
 0 0.398546
 0 0.365972
 0 0.277139
 0 0.322384
 0 0.321428
 0 0.311108
 0 0.29813
 0 0.376613
 0 0.336563
 0 0.352012
 0 0.290996
 0 0.309603
 0 0.352261
 0 0.351218
 0 0.331064
 0 0.362683
 0 0.329363
 0 0.304529
 0 0.382953
 0 0.358547
 0 0.355345
 0 0.317939
 0 0.318362
 0 0.334127
 0 0.325691
 0 0.322933
 0 0.371969
 0 0.342713
 0 0.33432
 0 0.356663
 0 0.289186
 0 0.273331
 0 0.33293
 0 0.251048
 0 0.288162
 0 0.360556
 0 0.288939
 0 0.349629
 0 0.344222
 0 0.416358
 0 0.342453
 0 0.337877
 0 0.319475
 0 0.354762
 0 0.334114
 0 0.332864
 0 0.347402
 0 0.315922
 0 0.397133
 0 0.344771
 0 0.337923
 0 0.288745
 0 0.330413
 0 0.298819
 0 0.303628
 0 0.370931
 0 0.293761
 0 0.333793
 0 0.331279
 0 0.298241
 0 0.332119
 0 0.373208
 0 0.340091
 0 0.293169
 0 0.298405
 0 0.371729
 0 0.334823
 0 0.353494
 0 0.333639
 0 0.334504
 0 0.305002
 0 0.344446
 0 0.342509
 0 0.336384
 0 0.268002
 0 0.344266
 0 0.327944
 0 0.321457
 0 0.341932
 0 0.388376
 0 0.326857
 0 0.343989
 0 0.362238
 0 0.322283
 0 0.306204
 0 0.252216
 0 0.33574
 0 0.343308
 0 0.350711
 0 0.321815
 0 0.341508
 0 0.301947
 0 0.384144
 0 0.353837
 0 0.287138
 0 0.35848
 0 0.30961
 0 0.311727
 0 0.368167
 0 0.315765
 0 0.287632
 0 0.293533
 0 0.344646
 0 0.346453
 0 0.321492
 0 0.318518
 0 0.334577
 0 0.337722
 0 0.249118
 0 0.365011
 0 0.346812
 0 0.363175
 0 0.301752
 0 0.331286
 0 0.297088
 0 0.275788
 0 0.28156
 0 0.344176
 0 0.307975
 0 0.280566
 0 0.314943
 0 0.305238
 0 0.353626
 0 0.363104
 0 0.322179
 0 0.361153
 0 0.29266
 0 0.375771
 0 0.335516
 0 0.342355
 0 0.357599
 0 0.311778
 0 0.358087
 0 0.343714
 0 0.280703
 0 0.337863
 0 0.339606
 0 0.30645
 0 0.352627
 0 0.356496
 0 0.362969
 0 0.252297
 0 0.27155
 0 0.314994
 0 0.314648
 0 0.363147
 0 0.317539
 0 0.304415
 0 0.359538
 0 0.31199
 0 0.300293
 0 0.347385
 0 0.289794
 0 0.358013
 0 0.340429
 0 0.290636
 0 0.326742
 0 0.311499
 0 0.306495
 0 0.344961
 0 0.316098
 0 0.30807
 0 0.31488
 0 0.374292
 0 0.319131
 0 0.318518
 0 0.27227
 0 0.431953
 0 0.387533
 0 0.310925
 0 0.325941
 0 0.321468
 0 0.330531
 0 0.378573
 0 0.343113
 0 0.364934
 0 0.309071
 0 0.283828
 0 0.310485
 0 0.338807
 0 0.310006
 0 0.304057
 0 0.348839
 0 0.322172
 0 0.286494
 0 0.321849
 0 0.365513
 0 0.313715
 0 0.330223
 0 0.399585
 0 0.318205
 0 0.368903
 0 0.321173
 0 0.334164
 0 0.35191
 0 0.344332
 0 0.35713
 0 0.346719
 0 0.32257
 0 0.24922
 0 0.321021
 0 0.301143
 0 0.3857
 0 0.329006
 0 0.264668
 0 0.332041
 0 0.361935
 0 0.291859
 0 0.356499
 0 0.321358
 0 0.311956
 0 0.363152
 0 0.336889
 0 0.32329
 0 0.284483
 0 0.341214
 0 0.313014
 0 0.311354
 0 0.335523
 0 0.343619
 0 0.292501
 0 0.251521
 0 0.313865
 0 0.349592
 0 0.310492
 0 0.340211
 0 0.305166
 0 0.330945
 0 0.382379
 0 0.297057
 0 0.315464
 0 0.328877
 0 0.29982
 0 0.37174
 0 0.341718
 0 0.362589
 0 0.331987
 0 0.32899
 0 0.353692
 0 0.307145
 0 0.280149
 0 0.351187
 0 0.312608
 0 0.328063
 0 0.354899
 0 0.368505
 0 0.388655
 0 0.345765
 0 0.347684
 0 0.318903
 0 0.356929
 0 0.356542
 0 0.34228
 0 0.402668
 0 0.358604
 0 0.2958
 0 0.340329
 0 0.355176
 0 0.328104
 0 0.354606
 0 0.354556
 0 0.3426
 0 0.291017
 0 0.355743
 0 0.327319
 0 0.372888
 0 0.319474
 0 0.333772
 0 0.352008
 0 0.292073
 0 0.302296
 0 0.296481
 0 0.312912
 0 0.255989
 0 0.368387
 0 0.359035
 0 0.389696
 0 0.308351
 0 0.37978
 0 0.32278
 0 0.342469
 0 0.291111
 0 0.305051
 0 0.343493
 0 0.289677
 0 0.324719
 0 0.294247
 0 0.330619
 0 0.313138
 0 0.33763
 0 0.311952
 0 0.362522
 0 0.372294
 0 0.304316
 0 0.289158
 0 0.358115
 0 0.336594
 0 0.316656
 0 0.296821
 0 0.388126
 0 0.289371
 0 0.350247
 0 0.327055
 0 0.303977
 0 0.333548
 0 0.342474
 0 0.343584
 0 0.313126
 0 0.356404
 0 0.320301
 0 0.255237
 0 0.32114
 0 0.296683
 0 0.284837
 0 0.338555
 0 0.311215
 0 0.335835
 0 0.306241
 0 0.264521
 0 0.313149
 0 0.349678
 0 0.318587
 0 0.334554
 0 0.341955
 0 0.338026
 0 0.326825
 0 0.359317
 0 0.325584
 0 0.37745
 0 0.370856
 0 0.307607
 0 0.314914
 0 0.350837
 0 0.32268
 0 0.320439
 0 0.347333
 0 0.324269
 0 0.301078
 0 0.299291
 0 0.301549
 0 0.328432
 0 0.318573
 0 0.332067
 0 0.335746
 0 0.332985
 0 0.330375
 0 0.315158
 0 0.318169
 0 0.285336
 0 0.327869
 0 0.393305
 0 0.344312
 0 0.340533
 0 0.384499
 0 0.364458
 0 0.374125
 0 0.337014
 0 0.303271
 0 0.287561
 0 0.370181
 0 0.275964
 0 0.308355
 0 0.368815
 0 0.336286
 0 0.347749
 0 0.355092
 0 0.308081
 0 0.345998
 0 0.364603
 0 0.344235
 0 0.332625
 0 0.411274
 0 0.368074
 0 0.335882
 0 0.31455
 0 0.344807
 0 0.355445
 0 0.340219
 0 0.275293
 0 0.314957
 0 0.353697
 0 0.298419
 0 0.362942
 0 0.387001
 0 0.374007
 0 0.31905
 0 0.327419
 0 0.341188
 0 0.358683
 0 0.363124
 0 0.313903
 0 0.315913
 0 0.330279
 0 0.407914
 0 0.402665
 0 0.31711
 0 0.388771
 0 0.342169
 0 0.36564
 0 0.303959
 0 0.311291
 0 0.290317
 0 0.370103
 0 0.338408
 0 0.337953
 0 0.292274
 0 0.331339
 0 0.311368
 0 0.269671
 0 0.31368
 0 0.343379
 0 0.359857
 0 0.316545
 0 0.360252
 0 0.36825
 0 0.269916
 0 0.352531
 0 0.320602
 0 0.286642
 0 0.302025
 0 0.280069
 0 0.31655
 0 0.340451
 0 0.358882
 0 0.345411
 0 0.359718
 0 0.366782
 0 0.313669
 0 0.341329
 0 0.315955
 0 0.348644
 0 0.351779
 0 0.326808
 0 0.355481
 0 0.353515
 0 0.359339
 0 0.34035
 0 0.299567
 0 0.341611
 0 0.312646
 0 0.25932
 0 0.407967
 0 0.309211
 0 0.281764
 0 0.41174
 0 0.319866
 0 0.342277
 0 0.333781
 0 0.321414
 0 0.340993
 0 0.338248
 0 0.228207
 0 0.357149
 0 0.322735
 0 0.391002
 0 0.344819
 0 0.325223
 0 0.296108
 0 0.272938
 0 0.348149
 0 0.342719
 0 0.319852
 0 0.360541
 0 0.380856
 0 0.342654
 0 0.355845
 0 0.290263
 0 0.314772
 0 0.394592
 0 0.345897
 0 0.263001
 0 0.350186
 0 0.377353
 0 0.320468
 0 0.320245
 0 0.363965
 0 0.297837
 0 0.313104
 0 0.358196
 0 0.326978
 0 0.313373
 0 0.336712
 0 0.36075
 0 0.32947
 0 0.388736
 0 0.333791
 0 0.298051
 0 0.337331
 0 0.369145
 0 0.350792
 0 0.345903
 0 0.3355
 0 0.3024
 0 0.354713
 0 0.394224
 0 0.346361
 0 0.304117
 0 0.316684
 0 0.340786
 0 0.32593
 0 0.307807
 0 0.302807
 0 0.35061
 0 0.289299
 0 0.346197
 0 0.348421
 0 0.342595
 0 0.330405
 0 0.283811
 0 0.318494
 0 0.245769
 0 0.325383
 0 0.311811
 0 0.342847
 0 0.335988
 0 0.326172
 0 0.335063
 0 0.391798
 0 0.327747
 0 0.331378
 0 0.32179
 0 0.358767
 0 0.339152
 0 0.319102
 0 0.34587
