553 1 0 0 1
 0 0.278054
 0 0.287759
 0 0.293111
 0 0.268564
 0 0.294838
 0 0.279233
 0 0.320918
 0 0.300648
 0 0.295401
 0 0.306562
 0 0.315701
 0 0.311487
 0 0.274289
 0 0.300845
 0 0.258297
 0 0.286675
 0 0.281475
 0 0.302908
 0 0.314543
 0 0.302027
 0 0.317294
 0 0.301472
 0 0.30516
 0 0.283343
 0 0.298113
 0 0.296038
 0 0.285148
 0 0.300565
 0 0.297157
 0 0.285198
 0 0.311336
 0 0.289798
 0 0.2836
 0 0.335256
 0 0.308985
 0 0.309439
 0 0.303922
 0 0.283783
 0 0.294478
 0 0.291896
 0 0.279449
 0 0.305296
 0 0.288725
 0 0.274097
 0 0.297011
 0 0.287662
 0 0.308196
 0 0.278656
 0 0.289012
 0 0.285945
 0 0.300787
 0 0.292563
 0 0.300561
 0 0.295343
 0 0.273881
 0 0.291199
 0 0.319356
 0 0.298695
 0 0.301877
 0 0.316903
 0 0.298674
 0 0.28922
 0 0.299711
 0 0.304175
 0 0.307491
 0 0.296596
 0 0.27478
 0 0.255546
 0 0.30155
 0 0.293163
 0 0.326749
 0 0.309998
 0 0.296597
 0 0.269784
 0 0.288047
 0 0.296609
 0 0.279533
 0 0.299224
 0 0.305208
 0 0.304613
 0 0.302894
 0 0.301303
 0 0.308191
 0 0.321606
 0 0.271033
 0 0.286974
 0 0.293889
 0 0.267267
 0 0.289994
 0 0.278123
 0 0.291461
 0 0.277257
 0 0.309333
 0 0.308648
 0 0.28926
 0 0.289938
 0 0.240214
 0 0.288207
 0 0.282849
 0 0.290851
 0 0.29791
 0 0.302564
 0 0.281836
 0 0.281234
 0 0.279577
 0 0.304672
 0 0.277293
 0 0.290583
 0 0.275344
 0 0.311906
 0 0.289694
 0 0.281608
 0 0.273643
 0 0.269673
 0 0.28364
 0 0.272934
 0 0.273328
 0 0.300231
 0 0.307644
 0 0.270339
 0 0.253112
 0 0.27341
 0 0.291215
 0 0.286064
 0 0.2707
 0 0.295495
 0 0.311018
 0 0.299203
 0 0.289229
 0 0.294588
 0 0.28334
 0 0.298436
 0 0.285532
 0 0.290211
 0 0.254651
 0 0.255003
 0 0.322111
 0 0.287322
 0 0.284096
 0 0.307213
 0 0.283649
 0 0.317352
 0 0.286323
 0 0.287933
 0 0.306849
 0 0.288261
 0 0.271189
 0 0.282311
 0 0.277875
 0 0.286853
 0 0.28877
 0 0.304121
 0 0.303918
 0 0.263237
 0 0.282497
 0 0.29181
 0 0.298894
 0 0.288846
 0 0.264146
 0 0.294929
 0 0.286895
 0 0.28784
 0 0.27378
 0 0.273161
 0 0.308948
 0 0.282541
 0 0.277172
 0 0.302105
 0 0.284293
 0 0.294517
 0 0.296344
 0 0.276061
 0 0.326256
 0 0.281448
 0 0.263955
 0 0.279293
 0 0.292529
 0 0.289939
 0 0.324079
 0 0.314632
 0 0.276609
 0 0.294703
 0 0.276451
 0 0.268551
 0 0.279303
 0 0.303035
 0 0.261908
 0 0.291414
 0 0.272197
 0 0.308061
 0 0.30305
 0 0.306986
 0 0.293567
 0 0.292268
 0 0.292591
 0 0.249105
 0 0.270417
 0 0.306578
 0 0.271052
 0 0.312883
 0 0.275901
 0 0.308747
 0 0.294056
 0 0.268141
 0 0.300249
 0 0.258496
 0 0.278228
 0 0.291
 0 0.260323
 0 0.292748
 0 0.275542
 0 0.300596
 0 0.268828
 0 0.296844
 0 0.31259
 0 0.25271
 0 0.294373
 0 0.279423
 0 0.278388
 0 0.288902
 0 0.304811
 0 0.287155
 0 0.288051
 0 0.283632
 0 0.278158
 0 0.334999
 0 0.287304
 0 0.294159
 0 0.293405
 0 0.282227
 0 0.300281
 0 0.282385
 0 0.309333
 0 0.285867
 0 0.308197
 0 0.292759
 0 0.281834
 0 0.312297
 0 0.299974
 0 0.282712
 0 0.2848
 0 0.304259
 0 0.281755
 0 0.291369
 0 0.310018
 0 0.30109
 0 0.27748
 0 0.302373
 0 0.31124
 0 0.28513
 0 0.278955
 0 0.28553
 0 0.263782
 0 0.279171
 0 0.293774
 0 0.298855
 0 0.29692
 0 0.284945
 0 0.284807
 0 0.295648
 0 0.293149
 0 0.299585
 0 0.282864
 0 0.280175
 0 0.267639
 0 0.284062
 0 0.300076
 0 0.298071
 0 0.297339
 0 0.31234
 0 0.298944
 0 0.305913
 0 0.299476
 0 0.293849
 0 0.276717
 0 0.319934
 0 0.266237
 0 0.277226
 0 0.297058
 0 0.269569
 0 0.293847
 0 0.294832
 0 0.302055
 0 0.296065
 0 0.284517
 0 0.283935
 0 0.304163
 0 0.286105
 0 0.282273
 0 0.272769
 0 0.283116
 0 0.316032
 0 0.291427
 0 0.282494
 0 0.303642
 0 0.301502
 0 0.307233
 0 0.304855
 0 0.311446
 0 0.276381
 0 0.295839
 0 0.286187
 0 0.285229
 0 0.283115
 0 0.281467
 0 0.264158
 0 0.303155
 0 0.284193
 0 0.278404
 0 0.284973
 0 0.324504
 0 0.29588
 0 0.304945
 0 0.296759
 0 0.284521
 0 0.297119
 0 0.29621
 0 0.290873
 0 0.309935
 0 0.289904
 0 0.293045
 0 0.264274
 0 0.298489
 0 0.303955
 0 0.291799
 0 0.322163
 0 0.321642
 0 0.31569
 0 0.290804
 0 0.307352
 0 0.333828
 0 0.300183
 0 0.309242
 0 0.307968
 0 0.289262
 0 0.28932
 0 0.303087
 0 0.300448
 0 0.308031
 0 0.31017
 0 0.296458
 0 0.30097
 0 0.311366
 0 0.305527
 0 0.305698
 0 0.308432
 0 0.308793
 0 0.296129
 0 0.297397
 0 0.285617
 0 0.303068
 0 0.283528
 0 0.297814
 0 0.297281
 0 0.303077
 0 0.30359
 0 0.30534
 0 0.320543
 0 0.293398
 0 0.298914
 0 0.292605
 0 0.293301
 0 0.311032
 0 0.298244
 0 0.293081
 0 0.282156
 0 0.287371
 0 0.294104
 0 0.299497
 0 0.325339
 0 0.301811
 0 0.283266
 0 0.297237
 0 0.288173
 0 0.290973
 0 0.288755
 0 0.279993
 0 0.304321
 0 0.297914
 0 0.292146
 0 0.297548
 0 0.296592
 0 0.29718
 0 0.278612
 0 0.291641
 0 0.290058
 0 0.299028
 0 0.302793
 0 0.31186
 0 0.294989
 0 0.305557
 0 0.292958
 0 0.284584
 0 0.297649
 0 0.248255
 0 0.290009
 0 0.317233
 0 0.315197
 0 0.267776
 0 0.28581
 0 0.317238
 0 0.295425
 0 0.317846
 0 0.330347
 0 0.27197
 0 0.308235
 0 0.289336
 0 0.290182
 0 0.303939
 0 0.299215
 0 0.278279
 0 0.278851
 0 0.306168
 0 0.275292
 0 0.264012
 0 0.277507
 0 0.304121
 0 0.288103
 0 0.328353
 0 0.290845
 0 0.305285
 0 0.301732
 0 0.295172
 0 0.310201
 0 0.300561
 0 0.282452
 0 0.283532
 0 0.290508
 0 0.312091
 0 0.283499
 0 0.27628
 0 0.277041
 0 0.296577
 0 0.305019
 0 0.284985
 0 0.299151
 0 0.269345
 0 0.291987
 0 0.283197
 0 0.31773
 0 0.292896
 0 0.293488
 0 0.302184
 0 0.287031
 0 0.297184
 0 0.25886
 0 0.272673
 0 0.286444
 0 0.288057
 0 0.292718
 0 0.278519
 0 0.309483
 0 0.288515
 0 0.306092
 0 0.294874
 0 0.313743
 0 0.273765
 0 0.290961
 0 0.290595
 0 0.26386
 0 0.322123
 0 0.286937
 0 0.290834
 0 0.29927
 0 0.288454
 0 0.288874
 0 0.286556
 0 0.303334
 0 0.283942
 0 0.311942
 0 0.29004
 0 0.296026
 0 0.284549
 0 0.271037
 0 0.304361
 0 0.280825
 0 0.323171
 0 0.294153
 0 0.307074
 0 0.290703
 0 0.297996
 0 0.302393
 0 0.27746
 0 0.2693
 0 0.295815
 0 0.284603
 0 0.31044
 0 0.309267
 0 0.284341
 0 0.30194
 0 0.318643
 0 0.292539
 0 0.284076
 0 0.302451
 0 0.285946
 0 0.29264
 0 0.308531
 0 0.293996
 0 0.309179
 0 0.296891
 0 0.286716
 0 0.296767
 0 0.309226
 0 0.311113
 0 0.276863
 0 0.298593
 0 0.307608
 0 0.316047
 0 0.305305
 0 0.305024
 0 0.315921
 0 0.284134
 0 0.287465
 0 0.299022
 0 0.257029
 0 0.286625
 0 0.284765
 0 0.286857
 0 0.30271
 0 0.299701
 0 0.268469
 0 0.28728
 0 0.285311
 0 0.286759
 0 0.291479
 0 0.265731
 0 0.284199
 0 0.304558
 0 0.276917
 0 0.301993
 0 0.250425
 0 0.283958
 0 0.274077
 0 0.264196
 0 0.281589
 0 0.292428
 0 0.31696
 0 0.28014
 0 0.278505
 0 0.278471
 0 0.299069
 0 0.299174
 0 0.304956
 0 0.305942
 0 0.297714
 0 0.299353
 0 0.301228
 0 0.293799
 0 0.282582
 0 0.290219
 0 0.304642
 0 0.279916
 0 0.301903
