553 1 0 0 1
 0 0.353182
 0 0.358009
 0 0.374115
 0 0.368608
 0 0.375664
 0 0.354327
 0 0.393366
 0 0.373238
 0 0.362715
 0 0.383626
 0 0.382497
 0 0.375018
 0 0.363787
 0 0.370091
 0 0.348021
 0 0.355385
 0 0.370247
 0 0.373129
 0 0.386645
 0 0.378299
 0 0.393704
 0 0.376688
 0 0.378632
 0 0.342622
 0 0.376712
 0 0.35918
 0 0.359676
 0 0.369696
 0 0.348764
 0 0.374947
 0 0.369751
 0 0.360159
 0 0.354156
 0 0.406801
 0 0.3757
 0 0.37529
 0 0.376395
 0 0.370181
 0 0.36762
 0 0.359828
 0 0.348933
 0 0.383664
 0 0.368569
 0 0.354279
 0 0.369972
 0 0.366818
 0 0.393892
 0 0.374283
 0 0.37232
 0 0.358683
 0 0.364451
 0 0.368345
 0 0.390057
 0 0.361977
 0 0.341866
 0 0.372176
 0 0.375126
 0 0.368134
 0 0.386736
 0 0.384273
 0 0.376298
 0 0.368644
 0 0.367107
 0 0.382479
 0 0.392461
 0 0.355902
 0 0.349956
 0 0.341817
 0 0.366329
 0 0.362704
 0 0.394347
 0 0.395617
 0 0.370125
 0 0.34745
 0 0.376632
 0 0.372563
 0 0.348888
 0 0.361863
 0 0.395442
 0 0.38316
 0 0.372747
 0 0.377636
 0 0.37526
 0 0.377106
 0 0.346742
 0 0.361736
 0 0.368323
 0 0.358731
 0 0.369907
 0 0.351926
 0 0.367895
 0 0.372216
 0 0.38157
 0 0.371116
 0 0.357326
 0 0.368692
 0 0.32969
 0 0.355524
 0 0.363042
 0 0.373249
 0 0.382513
 0 0.375034
 0 0.351862
 0 0.368254
 0 0.353764
 0 0.367823
 0 0.354363
 0 0.368401
 0 0.355046
 0 0.371571
 0 0.364335
 0 0.355079
 0 0.352608
 0 0.335515
 0 0.360908
 0 0.346467
 0 0.345746
 0 0.368108
 0 0.378535
 0 0.345976
 0 0.327397
 0 0.348675
 0 0.363631
 0 0.373703
 0 0.353751
 0 0.3633
 0 0.377361
 0 0.365061
 0 0.373535
 0 0.374273
 0 0.3666
 0 0.364974
 0 0.362719
 0 0.357824
 0 0.327684
 0 0.339939
 0 0.375566
 0 0.3621
 0 0.373558
 0 0.382472
 0 0.359094
 0 0.378033
 0 0.356668
 0 0.373183
 0 0.368646
 0 0.377992
 0 0.375397
 0 0.37105
 0 0.356267
 0 0.379577
 0 0.361828
 0 0.383703
 0 0.371577
 0 0.342863
 0 0.354133
 0 0.362334
 0 0.366783
 0 0.369477
 0 0.35282
 0 0.371617
 0 0.358478
 0 0.362961
 0 0.363044
 0 0.357052
 0 0.380715
 0 0.360963
 0 0.346682
 0 0.368735
 0 0.377696
 0 0.37385
 0 0.381249
 0 0.356897
 0 0.391021
 0 0.351596
 0 0.348897
 0 0.353615
 0 0.374684
 0 0.372857
 0 0.386455
 0 0.366261
 0 0.354562
 0 0.380607
 0 0.345052
 0 0.342792
 0 0.358101
 0 0.373354
 0 0.340778
 0 0.37653
 0 0.327578
 0 0.364462
 0 0.380315
 0 0.35965
 0 0.359349
 0 0.362722
 0 0.346851
 0 0.323581
 0 0.340038
 0 0.380054
 0 0.348419
 0 0.383938
 0 0.365856
 0 0.379268
 0 0.340126
 0 0.340628
 0 0.363351
 0 0.335805
 0 0.354437
 0 0.366125
 0 0.342599
 0 0.376102
 0 0.355389
 0 0.388063
 0 0.360924
 0 0.364437
 0 0.381412
 0 0.356818
 0 0.370001
 0 0.364205
 0 0.366643
 0 0.35343
 0 0.355639
 0 0.37569
 0 0.36704
 0 0.365119
 0 0.356682
 0 0.393181
 0 0.370329
 0 0.378094
 0 0.366255
 0 0.342733
 0 0.385145
 0 0.362987
 0 0.370177
 0 0.359588
 0 0.372023
 0 0.355856
 0 0.36044
 0 0.37746
 0 0.379825
 0 0.364103
 0 0.36964
 0 0.375785
 0 0.348395
 0 0.370832
 0 0.385076
 0 0.379935
 0 0.369348
 0 0.372209
 0 0.383145
 0 0.358729
 0 0.355635
 0 0.363985
 0 0.341239
 0 0.347225
 0 0.376742
 0 0.370758
 0 0.372108
 0 0.352955
 0 0.358507
 0 0.362017
 0 0.357555
 0 0.372051
 0 0.359305
 0 0.360585
 0 0.350932
 0 0.364323
 0 0.377609
 0 0.360225
 0 0.368797
 0 0.365951
 0 0.378436
 0 0.378622
 0 0.373718
 0 0.378538
 0 0.356161
 0 0.38915
 0 0.356262
 0 0.356492
 0 0.362823
 0 0.370028
 0 0.367583
 0 0.359327
 0 0.367817
 0 0.358499
 0 0.371444
 0 0.350268
 0 0.37894
 0 0.360615
 0 0.355471
 0 0.346339
 0 0.366263
 0 0.379099
 0 0.358318
 0 0.35142
 0 0.378842
 0 0.380148
 0 0.380244
 0 0.385522
 0 0.363099
 0 0.358421
 0 0.363735
 0 0.358274
 0 0.344773
 0 0.367092
 0 0.360901
 0 0.338174
 0 0.377277
 0 0.354309
 0 0.360522
 0 0.367261
 0 0.395412
 0 0.378263
 0 0.376275
 0 0.381547
 0 0.343052
 0 0.372609
 0 0.369698
 0 0.371108
 0 0.378467
 0 0.349707
 0 0.362642
 0 0.347501
 0 0.359793
 0 0.372298
 0 0.358489
 0 0.402095
 0 0.388076
 0 0.376033
 0 0.368693
 0 0.376636
 0 0.425945
 0 0.360353
 0 0.370924
 0 0.366983
 0 0.363372
 0 0.35564
 0 0.370031
 0 0.384584
 0 0.373814
 0 0.375359
 0 0.365278
 0 0.380772
 0 0.385219
 0 0.387632
 0 0.376054
 0 0.367253
 0 0.3756
 0 0.371759
 0 0.367494
 0 0.36219
 0 0.374601
 0 0.371464
 0 0.365046
 0 0.373524
 0 0.365455
 0 0.374113
 0 0.383613
 0 0.390063
 0 0.369447
 0 0.355667
 0 0.368991
 0 0.363779
 0 0.379931
 0 0.375658
 0 0.366682
 0 0.348755
 0 0.354418
 0 0.3864
 0 0.382304
 0 0.389509
 0 0.354106
 0 0.369827
 0 0.36481
 0 0.361744
 0 0.366136
 0 0.35314
 0 0.359108
 0 0.366534
 0 0.372724
 0 0.379446
 0 0.375724
 0 0.37349
 0 0.379402
 0 0.356004
 0 0.370883
 0 0.362127
 0 0.362442
 0 0.376888
 0 0.384012
 0 0.364843
 0 0.375386
 0 0.367921
 0 0.364411
 0 0.381909
 0 0.335313
 0 0.364274
 0 0.377769
 0 0.385587
 0 0.348582
 0 0.360697
 0 0.376904
 0 0.346088
 0 0.387673
 0 0.389592
 0 0.365529
 0 0.367489
 0 0.361968
 0 0.365017
 0 0.380782
 0 0.358567
 0 0.338897
 0 0.346722
 0 0.37754
 0 0.362401
 0 0.342756
 0 0.335057
 0 0.376368
 0 0.347505
 0 0.400855
 0 0.378138
 0 0.377586
 0 0.365019
 0 0.365687
 0 0.382635
 0 0.368945
 0 0.350326
 0 0.359241
 0 0.358332
 0 0.384086
 0 0.367253
 0 0.350142
 0 0.349806
 0 0.365501
 0 0.378672
 0 0.360628
 0 0.360998
 0 0.332729
 0 0.36119
 0 0.350604
 0 0.385987
 0 0.353908
 0 0.367827
 0 0.380066
 0 0.369728
 0 0.369915
 0 0.334853
 0 0.344719
 0 0.360071
 0 0.368563
 0 0.360796
 0 0.355036
 0 0.376116
 0 0.37395
 0 0.388902
 0 0.364915
 0 0.377072
 0 0.374837
 0 0.354774
 0 0.374041
 0 0.349955
 0 0.394584
 0 0.361551
 0 0.362332
 0 0.378473
 0 0.378894
 0 0.368878
 0 0.369318
 0 0.376035
 0 0.353879
 0 0.376396
 0 0.36542
 0 0.367511
 0 0.364282
 0 0.339168
 0 0.381371
 0 0.376216
 0 0.392958
 0 0.372286
 0 0.36595
 0 0.352999
 0 0.373918
 0 0.376306
 0 0.351984
 0 0.361158
 0 0.36679
 0 0.365273
 0 0.378759
 0 0.37357
 0 0.373948
 0 0.361825
 0 0.379511
 0 0.378
 0 0.350855
 0 0.384839
 0 0.359138
 0 0.370847
 0 0.374709
 0 0.360319
 0 0.375563
 0 0.363483
 0 0.3659
 0 0.357403
 0 0.391885
 0 0.379389
 0 0.35756
 0 0.384895
 0 0.371062
 0 0.385577
 0 0.370255
 0 0.377783
 0 0.385007
 0 0.378068
 0 0.358143
 0 0.370775
 0 0.354756
 0 0.346242
 0 0.362622
 0 0.36492
 0 0.377649
 0 0.385556
 0 0.342753
 0 0.349625
 0 0.369002
 0 0.360527
 0 0.369701
 0 0.356096
 0 0.350864
 0 0.379237
 0 0.369913
 0 0.347821
 0 0.328435
 0 0.352264
 0 0.332206
 0 0.351562
 0 0.358699
 0 0.366998
 0 0.374936
 0 0.356881
 0 0.373043
 0 0.342816
 0 0.385987
 0 0.372027
 0 0.383918
 0 0.386609
 0 0.360493
 0 0.364819
 0 0.377388
 0 0.365171
 0 0.354069
 0 0.368356
 0 0.377053
 0 0.353539
 0 0.371539
