553 1 0 0 1
 0 0.347933
 0 0.356618
 0 0.382403
 0 0.331711
 0 0.380346
 0 0.318212
 0 0.392854
 0 0.363823
 0 0.370458
 0 0.357204
 0 0.355452
 0 0.428734
 0 0.325715
 0 0.348621
 0 0.30501
 0 0.330894
 0 0.335824
 0 0.35734
 0 0.366949
 0 0.356472
 0 0.327258
 0 0.382747
 0 0.379797
 0 0.315753
 0 0.400274
 0 0.348573
 0 0.329111
 0 0.32161
 0 0.313114
 0 0.371096
 0 0.385268
 0 0.345049
 0 0.331976
 0 0.422535
 0 0.336045
 0 0.366567
 0 0.386231
 0 0.350833
 0 0.326537
 0 0.314451
 0 0.316737
 0 0.376838
 0 0.331196
 0 0.338362
 0 0.338155
 0 0.334643
 0 0.357662
 0 0.306909
 0 0.323626
 0 0.340559
 0 0.328228
 0 0.339338
 0 0.3539
 0 0.335853
 0 0.364185
 0 0.363198
 0 0.374818
 0 0.325448
 0 0.345873
 0 0.381151
 0 0.350812
 0 0.377913
 0 0.32645
 0 0.35903
 0 0.355363
 0 0.366931
 0 0.323267
 0 0.299516
 0 0.35289
 0 0.353929
 0 0.394251
 0 0.373094
 0 0.350998
 0 0.292721
 0 0.333311
 0 0.345964
 0 0.364841
 0 0.387361
 0 0.398163
 0 0.369494
 0 0.349541
 0 0.372009
 0 0.39996
 0 0.418328
 0 0.309133
 0 0.333247
 0 0.335356
 0 0.306833
 0 0.324598
 0 0.315199
 0 0.382206
 0 0.35412
 0 0.383449
 0 0.372138
 0 0.294236
 0 0.341364
 0 0.314998
 0 0.374888
 0 0.336492
 0 0.340965
 0 0.34625
 0 0.353128
 0 0.370469
 0 0.311008
 0 0.342735
 0 0.365718
 0 0.357209
 0 0.350071
 0 0.345252
 0 0.356159
 0 0.323675
 0 0.348313
 0 0.322758
 0 0.300236
 0 0.366813
 0 0.350078
 0 0.296952
 0 0.302904
 0 0.336678
 0 0.341071
 0 0.292872
 0 0.310571
 0 0.32288
 0 0.340073
 0 0.293216
 0 0.331838
 0 0.38513
 0 0.376712
 0 0.33238
 0 0.371017
 0 0.331885
 0 0.325322
 0 0.349374
 0 0.325998
 0 0.324968
 0 0.29229
 0 0.364773
 0 0.334196
 0 0.308003
 0 0.334112
 0 0.329332
 0 0.336342
 0 0.360381
 0 0.323339
 0 0.359402
 0 0.380202
 0 0.332836
 0 0.319021
 0 0.273781
 0 0.369685
 0 0.316241
 0 0.373085
 0 0.345893
 0 0.304059
 0 0.293579
 0 0.348396
 0 0.348198
 0 0.35829
 0 0.302867
 0 0.35625
 0 0.318977
 0 0.351901
 0 0.307673
 0 0.319516
 0 0.371692
 0 0.268226
 0 0.298036
 0 0.372508
 0 0.337176
 0 0.342838
 0 0.33574
 0 0.318094
 0 0.37891
 0 0.335123
 0 0.299367
 0 0.305126
 0 0.358641
 0 0.335119
 0 0.332705
 0 0.380871
 0 0.330234
 0 0.356236
 0 0.336615
 0 0.317256
 0 0.293148
 0 0.347355
 0 0.339919
 0 0.355591
 0 0.359934
 0 0.382144
 0 0.377513
 0 0.343227
 0 0.330752
 0 0.328364
 0 0.353579
 0 0.319423
 0 0.311028
 0 0.371993
 0 0.308513
 0 0.389748
 0 0.308444
 0 0.376482
 0 0.355339
 0 0.335834
 0 0.386883
 0 0.327501
 0 0.30127
 0 0.356278
 0 0.36797
 0 0.344195
 0 0.309163
 0 0.360597
 0 0.294313
 0 0.319661
 0 0.398268
 0 0.346079
 0 0.38541
 0 0.324064
 0 0.315391
 0 0.353867
 0 0.344617
 0 0.321315
 0 0.333429
 0 0.318843
 0 0.31669
 0 0.397219
 0 0.313188
 0 0.344799
 0 0.324339
 0 0.335225
 0 0.339383
 0 0.328483
 0 0.362038
 0 0.371125
 0 0.341928
 0 0.3221
 0 0.341747
 0 0.344065
 0 0.394402
 0 0.332924
 0 0.357467
 0 0.360662
 0 0.325228
 0 0.361742
 0 0.351531
 0 0.350649
 0 0.362913
 0 0.31879
 0 0.366988
 0 0.344513
 0 0.3317
 0 0.365472
 0 0.343731
 0 0.303812
 0 0.3428
 0 0.332809
 0 0.335668
 0 0.309601
 0 0.360467
 0 0.344525
 0 0.331424
 0 0.342049
 0 0.342681
 0 0.353462
 0 0.329401
 0 0.319605
 0 0.367456
 0 0.374572
 0 0.350506
 0 0.38383
 0 0.350096
 0 0.323755
 0 0.350396
 0 0.343304
 0 0.35442
 0 0.387604
 0 0.328856
 0 0.291917
 0 0.377793
 0 0.341342
 0 0.367847
 0 0.333373
 0 0.350168
 0 0.354699
 0 0.327399
 0 0.394907
 0 0.370675
 0 0.334997
 0 0.318959
 0 0.30545
 0 0.349398
 0 0.351734
 0 0.369057
 0 0.337567
 0 0.332629
 0 0.393289
 0 0.36047
 0 0.372519
 0 0.371027
 0 0.321174
 0 0.334965
 0 0.305343
 0 0.350519
 0 0.373606
 0 0.311201
 0 0.311082
 0 0.359314
 0 0.332575
 0 0.376485
 0 0.320144
 0 0.370765
 0 0.339333
 0 0.370773
 0 0.347097
 0 0.314184
 0 0.305043
 0 0.375077
 0 0.36497
 0 0.386978
 0 0.358556
 0 0.346375
 0 0.332161
 0 0.35864
 0 0.38625
 0 0.37177
 0 0.393847
 0 0.339319
 0 0.393
 0 0.315669
 0 0.355856
 0 0.378417
 0 0.256047
 0 0.379976
 0 0.353234
 0 0.384994
 0 0.362658
 0 0.339434
 0 0.324375
 0 0.35975
 0 0.380349
 0 0.398397
 0 0.329463
 0 0.364261
 0 0.350819
 0 0.335415
 0 0.352041
 0 0.351483
 0 0.351296
 0 0.352597
 0 0.361182
 0 0.349318
 0 0.347413
 0 0.355051
 0 0.374917
 0 0.420728
 0 0.337715
 0 0.370579
 0 0.361508
 0 0.40706
 0 0.324727
 0 0.305225
 0 0.376493
 0 0.37448
 0 0.358698
 0 0.344937
 0 0.301663
 0 0.358802
 0 0.37248
 0 0.355799
 0 0.367344
 0 0.354882
 0 0.3368
 0 0.35738
 0 0.299647
 0 0.323537
 0 0.33861
 0 0.327041
 0 0.345913
 0 0.338386
 0 0.367914
 0 0.358264
 0 0.344464
 0 0.379186
 0 0.342459
 0 0.344725
 0 0.340866
 0 0.324513
 0 0.35054
 0 0.368122
 0 0.339906
 0 0.365812
 0 0.329704
 0 0.359775
 0 0.368608
 0 0.299127
 0 0.360286
 0 0.325607
 0 0.440093
 0 0.347678
 0 0.334923
 0 0.367608
 0 0.341625
 0 0.382439
 0 0.377728
 0 0.340822
 0 0.356885
 0 0.341177
 0 0.375449
 0 0.348746
 0 0.358162
 0 0.298299
 0 0.301986
 0 0.338598
 0 0.323157
 0 0.338359
 0 0.339992
 0 0.344055
 0 0.356166
 0 0.383906
 0 0.366406
 0 0.353319
 0 0.338557
 0 0.358131
 0 0.389327
 0 0.357361
 0 0.34267
 0 0.342074
 0 0.343392
 0 0.388708
 0 0.330165
 0 0.370224
 0 0.328538
 0 0.342504
 0 0.324792
 0 0.359186
 0 0.38514
 0 0.306481
 0 0.333992
 0 0.365783
 0 0.336052
 0 0.33971
 0 0.340063
 0 0.374941
 0 0.352909
 0 0.346415
 0 0.285649
 0 0.34306
 0 0.362126
 0 0.30953
 0 0.378674
 0 0.330452
 0 0.338502
 0 0.333543
 0 0.346788
 0 0.346302
 0 0.378803
 0 0.31434
 0 0.365455
 0 0.379799
 0 0.317464
 0 0.372812
 0 0.31333
 0 0.366786
 0 0.314285
 0 0.296253
 0 0.318467
 0 0.320734
 0 0.347627
 0 0.361995
 0 0.35534
 0 0.349102
 0 0.3368
 0 0.311037
 0 0.292923
 0 0.354975
 0 0.320726
 0 0.365221
 0 0.363458
 0 0.3212
 0 0.319343
 0 0.358087
 0 0.358598
 0 0.349229
 0 0.325256
 0 0.361976
 0 0.332149
 0 0.386397
 0 0.368431
 0 0.355707
 0 0.342715
 0 0.349923
 0 0.362835
 0 0.33055
 0 0.348427
 0 0.32237
 0 0.330055
 0 0.339791
 0 0.371542
 0 0.377138
 0 0.381934
 0 0.349507
 0 0.322131
 0 0.373312
 0 0.361027
 0 0.36539
 0 0.368789
 0 0.365412
 0 0.355268
 0 0.366848
 0 0.380619
 0 0.384041
 0 0.327415
 0 0.335757
 0 0.34125
 0 0.301937
 0 0.315953
 0 0.358073
 0 0.338061
 0 0.356564
 0 0.34658
 0 0.333259
 0 0.315249
 0 0.364335
 0 0.370992
 0 0.34635
 0 0.319352
 0 0.342956
 0 0.365419
 0 0.322213
 0 0.405375
 0 0.287984
 0 0.314105
 0 0.338013
 0 0.309448
 0 0.373263
 0 0.337846
 0 0.35436
 0 0.332432
 0 0.331278
 0 0.357825
 0 0.384993
 0 0.366376
 0 0.388009
 0 0.371712
 0 0.343049
 0 0.355728
 0 0.374197
 0 0.344813
 0 0.333138
 0 0.364532
 0 0.327197
 0 0.315781
 0 0.365057
