603 1 0 0 1
 0 0.427788
 0 0.488573
 0 0.4016
 0 0.424206
 0 0.410692
 0 0.432278
 0 0.520113
 0 0.392627
 0 0.449342
 0 0.426771
 0 0.581032
 0 0.495986
 0 0.457756
 0 0.476858
 0 0.444874
 0 0.333665
 0 0.385344
 0 0.43083
 0 0.401267
 0 0.564107
 0 0.404735
 0 0.421363
 0 0.400667
 0 0.420979
 0 0.434431
 0 0.406876
 0 0.357345
 0 0.439114
 0 0.467019
 0 0.434116
 0 0.375827
 0 0.467339
 0 0.442524
 0 0.282113
 0 0.436254
 0 0.471639
 0 0.382339
 0 0.388239
 0 0.426295
 0 0.361279
 0 0.287525
 0 0.36031
 0 0.460663
 0 0.394653
 0 0.453839
 0 0.32058
 0 0.419787
 0 0.292979
 0 0.4489
 0 0.376642
 0 0.463255
 0 0.432837
 0 0.444927
 0 0.458132
 0 0.514211
 0 0.364771
 0 0.412962
 0 0.439894
 0 0.477006
 0 0.412906
 0 0.455775
 0 0.420349
 0 0.439291
 0 0.422878
 0 0.453356
 0 0.400159
 0 0.41441
 0 0.405456
 0 0.389098
 0 0.363678
 0 0.452339
 0 0.450327
 0 0.35939
 0 0.360874
 0 0.415682
 0 0.370301
 0 0.346066
 0 0.340003
 0 0.492854
 0 0.423364
 0 0.325279
 0 0.498397
 0 0.394956
 0 0.414526
 0 0.340907
 0 0.513243
 0 0.450962
 0 0.400033
 0 0.369231
 0 0.399983
 0 0.413178
 0 0.465908
 0 0.423781
 0 0.42007
 0 0.433689
 0 0.415911
 0 0.380157
 0 0.333432
 0 0.453831
 0 0.437902
 0 0.370163
 0 0.471239
 0 0.378082
 0 0.369369
 0 0.581998
 0 0.461265
 0 0.395634
 0 0.43911
 0 0.397238
 0 0.331858
 0 0.486076
 0 0.265733
 0 0.432295
 0 0.395089
 0 0.371848
 0 0.41299
 0 0.442437
 0 0.501963
 0 0.421971
 0 0.401072
 0 0.431113
 0 0.497183
 0 0.517632
 0 0.372134
 0 0.419587
 0 0.391897
 0 0.47495
 0 0.380409
 0 0.357907
 0 0.387201
 0 0.456324
 0 0.41871
 0 0.385342
 0 0.423866
 0 0.399983
 0 0.440664
 0 0.407298
 0 0.408273
 0 0.42781
 0 0.451488
 0 0.436717
 0 0.330634
 0 0.240573
 0 0.482962
 0 0.442387
 0 0.412995
 0 0.3979
 0 0.471184
 0 0.481024
 0 0.513939
 0 0.44331
 0 0.415365
 0 0.408373
 0 0.416665
 0 0.424254
 0 0.441361
 0 0.426841
 0 0.503703
 0 0.422719
 0 0.444321
 0 0.398483
 0 0.385528
 0 0.42197
 0 0.464543
 0 0.419671
 0 0.437268
 0 0.405546
 0 0.329309
 0 0.488603
 0 0.350368
 0 0.395253
 0 0.383692
 0 0.363801
 0 0.523368
 0 0.422429
 0 0.393655
 0 0.451503
 0 0.461519
 0 0.420714
 0 0.368817
 0 0.400876
 0 0.436114
 0 0.470485
 0 0.423366
 0 0.423639
 0 0.374671
 0 0.267643
 0 0.38519
 0 0.374727
 0 0.442479
 0 0.418003
 0 0.42464
 0 0.371609
 0 0.391112
 0 0.447255
 0 0.469698
 0 0.43543
 0 0.355711
 0 0.357935
 0 0.307148
 0 0.42751
 0 0.406811
 0 0.373838
 0 0.341637
 0 0.431966
 0 0.462332
 0 0.367608
 0 0.496917
 0 0.47308
 0 0.421352
 0 0.42505
 0 0.409463
 0 0.372659
 0 0.441179
 0 0.374788
 0 0.363804
 0 0.43784
 0 0.442302
 0 0.445152
 0 0.534425
 0 0.458275
 0 0.424194
 0 0.508953
 0 0.438732
 0 0.445418
 0 0.427448
 0 0.40982
 0 0.460072
 0 0.342681
 0 0.458402
 0 0.299145
 0 0.485426
 0 0.370938
 0 0.274173
 0 0.40518
 0 0.410882
 0 0.363917
 0 0.464466
 0 0.356548
 0 0.380703
 0 0.416687
 0 0.43507
 0 0.419571
 0 0.457017
 0 0.545332
 0 0.571997
 0 0.377909
 0 0.365264
 0 0.386039
 0 0.42764
 0 0.327454
 0 0.410953
 0 0.45539
 0 0.44062
 0 0.386332
 0 0.421578
 0 0.329333
 0 0.390967
 0 0.453768
 0 0.43713
 0 0.47493
 0 0.41247
 0 0.42007
 0 0.376133
 0 0.477087
 0 0.409513
 0 0.455016
 0 0.432685
 0 0.402719
 0 0.475511
 0 0.524464
 0 0.383773
 0 0.439386
 0 0.394073
 0 0.46232
 0 0.474928
 0 0.305164
 0 0.416502
 0 0.470546
 0 0.360477
 0 0.501529
 0 0.452494
 0 0.337162
 0 0.438087
 0 0.351199
 0 0.373913
 0 0.433654
 0 0.34886
 0 0.364046
 0 0.407732
 0 0.445682
 0 0.392248
 0 0.344471
 0 0.4142
 0 0.387383
 0 0.466268
 0 0.435505
 0 0.388219
 0 0.464573
 0 0.40723
 0 0.436219
 0 0.453455
 0 0.472425
 0 0.371548
 0 0.285313
 0 0.401425
 0 0.455092
 0 0.457489
 0 0.396725
 0 0.465171
 0 0.414041
 0 0.44378
 0 0.36167
 0 0.428798
 0 0.434659
 0 0.396048
 0 0.496484
 0 0.361521
 0 0.455608
 0 0.426588
 0 0.463397
 0 0.338842
 0 0.450981
 0 0.383606
 0 0.461936
 0 0.424503
 0 0.417781
 0 0.402263
 0 0.593341
 0 0.384091
 0 0.395909
 0 0.487285
 0 0.43678
 0 0.361715
 0 0.404315
 0 0.399873
 0 0.439072
 0 0.41148
 0 0.39039
 0 0.513698
 0 0.435771
 0 0.444648
 0 0.426101
 0 0.463602
 0 0.386738
 0 0.436258
 0 0.422639
 0 0.416906
 0 0.328157
 0 0.303599
 0 0.533446
 0 0.299715
 0 0.512406
 0 0.397532
 0 0.515849
 0 0.397871
 0 0.407702
 0 0.462466
 0 0.416944
 0 0.441252
 0 0.424148
 0 0.477362
 0 0.336683
 0 0.427431
 0 0.350741
 0 0.382093
 0 0.362278
 0 0.516351
 0 0.430952
 0 0.53031
 0 0.46186
 0 0.367025
 0 0.357893
 0 0.444275
 0 0.432641
 0 0.431462
 0 0.413673
 0 0.465981
 0 0.389997
 0 0.470485
 0 0.451016
 0 0.340355
 0 0.384401
 0 0.36226
 0 0.344671
 0 0.354589
 0 0.518568
 0 0.391229
 0 0.379945
 0 0.461369
 0 0.404464
 0 0.288143
 0 0.428746
 0 0.462314
 0 0.476595
 0 0.431874
 0 0.37791
 0 0.424694
 0 0.491613
 0 0.329353
 0 0.437301
 0 0.377294
 0 0.411714
 0 0.410885
 0 0.477986
 0 0.429372
 0 0.420763
 0 0.440885
 0 0.494124
 0 0.374136
 0 0.377381
 0 0.384186
 0 0.371089
 0 0.332171
 0 0.370174
 0 0.368995
 0 0.36457
 0 0.357895
 0 0.495663
 0 0.37232
 0 0.399959
 0 0.429896
 0 0.36668
 0 0.387239
 0 0.450255
 0 0.383721
 0 0.332092
 0 0.384014
 0 0.506168
 0 0.481625
 0 0.422911
 0 0.338896
 0 0.440803
 0 0.426985
 0 0.504467
 0 0.441228
 0 0.332302
 0 0.416487
 0 0.36857
 0 0.414376
 0 0.437006
 0 0.454698
 0 0.410672
 0 0.444122
 0 0.386309
 0 0.370974
 0 0.471652
 0 0.471207
 0 0.402501
 0 0.518947
 0 0.462579
 0 0.357291
 0 0.381399
 0 0.426895
 0 0.419011
 0 0.411199
 0 0.341084
 0 0.445973
 0 0.436655
 0 0.345576
 0 0.463998
 0 0.520558
 0 0.488284
 0 0.384322
 0 0.411152
 0 0.493023
 0 0.418999
 0 0.540262
 0 0.321302
 0 0.374687
 0 0.374261
 0 0.52844
 0 0.426477
 0 0.370108
 0 0.432505
 0 0.366746
 0 0.360377
 0 0.333569
 0 0.498688
 0 0.317294
 0 0.501524
 0 0.429172
 0 0.506558
 0 0.373557
 0 0.351022
 0 0.394364
 0 0.483507
 0 0.518415
 0 0.427376
 0 0.441522
 0 0.373284
 0 0.494704
 0 0.456902
 0 0.365262
 0 0.376788
 0 0.371158
 0 0.391133
 0 0.411616
 0 0.259721
 0 0.446361
 0 0.321873
 0 0.419308
 0 0.394598
 0 0.520066
 0 0.495693
 0 0.315497
 0 0.426801
 0 0.38363
 0 0.366189
 0 0.3738
 0 0.422282
 0 0.4482
 0 0.436717
 0 0.45662
 0 0.333375
 0 0.401682
 0 0.458256
 0 0.493837
 0 0.325963
 0 0.426334
 0 0.339071
 0 0.362734
 0 0.533689
 0 0.451368
 0 0.388488
 0 0.404223
 0 0.422904
 0 0.474212
 0 0.456532
 0 0.317006
 0 0.459877
 0 0.316396
 0 0.419176
 0 0.450545
 0 0.451978
 0 0.336372
 0 0.32453
 0 0.468997
 0 0.359029
 0 0.428228
 0 0.47073
 0 0.435685
 0 0.432843
 0 0.404684
 0 0.329115
 0 0.395031
 0 0.449076
 0 0.426792
 0 0.27767
 0 0.426579
 0 0.374627
 0 0.378738
 0 0.409639
 0 0.434203
 0 0.36951
 0 0.364887
 0 0.444879
 0 0.422629
 0 0.392655
 0 0.362803
 0 0.469919
 0 0.432302
 0 0.368888
 0 0.535143
 0 0.292409
 0 0.414895
 0 0.41748
 0 0.453918
 0 0.422373
 0 0.407804
 0 0.385672
 0 0.546731
 0 0.449756
 0 0.369901
 0 0.27057
 0 0.431446
 0 0.339173
 0 0.472931
 0 0.263367
 0 0.415896
 0 0.496484
 0 0.366177
 0 0.432507
 0 0.405457
 0 0.497227
 0 0.356089
 0 0.397058
 0 0.383753
 0 0.368024
 0 0.383727
 0 0.384185
 0 0.485548
 0 0.45109
 0 0.417755
 0 0.462456
 0 0.480654
 0 0.489977
 0 0.496156
 0 0.380896
 0 0.450075
 0 0.50248
 0 0.347781
 0 0.365002
