553 1 0 0 1
 0 0.356355
 0 0.357194
 0 0.377715
 0 0.340321
 0 0.370861
 0 0.354985
 0 0.397828
 0 0.367184
 0 0.374051
 0 0.379128
 0 0.391779
 0 0.395712
 0 0.349666
 0 0.381384
 0 0.321859
 0 0.346397
 0 0.359247
 0 0.36331
 0 0.394204
 0 0.35955
 0 0.390624
 0 0.371393
 0 0.386756
 0 0.340842
 0 0.4013
 0 0.37148
 0 0.343734
 0 0.362818
 0 0.35909
 0 0.357006
 0 0.385364
 0 0.368233
 0 0.359299
 0 0.410466
 0 0.367586
 0 0.399899
 0 0.370375
 0 0.3557
 0 0.372465
 0 0.35387
 0 0.345114
 0 0.386264
 0 0.368293
 0 0.368253
 0 0.359215
 0 0.343
 0 0.374516
 0 0.341107
 0 0.359967
 0 0.371149
 0 0.354144
 0 0.363796
 0 0.365349
 0 0.371598
 0 0.35871
 0 0.35631
 0 0.390377
 0 0.358625
 0 0.371083
 0 0.389524
 0 0.356629
 0 0.379006
 0 0.364923
 0 0.378714
 0 0.36973
 0 0.361704
 0 0.35967
 0 0.32554
 0 0.371204
 0 0.376239
 0 0.408466
 0 0.371775
 0 0.36825
 0 0.344031
 0 0.360844
 0 0.366512
 0 0.3698
 0 0.374752
 0 0.389232
 0 0.377715
 0 0.376879
 0 0.369475
 0 0.382947
 0 0.416732
 0 0.339068
 0 0.344617
 0 0.370163
 0 0.337073
 0 0.37482
 0 0.353585
 0 0.365547
 0 0.349342
 0 0.369857
 0 0.386196
 0 0.353893
 0 0.368369
 0 0.336224
 0 0.360731
 0 0.35447
 0 0.36653
 0 0.383795
 0 0.369469
 0 0.359348
 0 0.344961
 0 0.364728
 0 0.386745
 0 0.359789
 0 0.344801
 0 0.380315
 0 0.384127
 0 0.370144
 0 0.353155
 0 0.355169
 0 0.341672
 0 0.36043
 0 0.352122
 0 0.34274
 0 0.369148
 0 0.365374
 0 0.350277
 0 0.333904
 0 0.338196
 0 0.351905
 0 0.348288
 0 0.3575
 0 0.366529
 0 0.398649
 0 0.370719
 0 0.375221
 0 0.384845
 0 0.367956
 0 0.361704
 0 0.354698
 0 0.345083
 0 0.346575
 0 0.314261
 0 0.398325
 0 0.368463
 0 0.353942
 0 0.385966
 0 0.354557
 0 0.3831
 0 0.355273
 0 0.351324
 0 0.381961
 0 0.376867
 0 0.335774
 0 0.344175
 0 0.319685
 0 0.366534
 0 0.349913
 0 0.386424
 0 0.367415
 0 0.329839
 0 0.349423
 0 0.366303
 0 0.377676
 0 0.360669
 0 0.341738
 0 0.371236
 0 0.342406
 0 0.368202
 0 0.335658
 0 0.340763
 0 0.388319
 0 0.354914
 0 0.334586
 0 0.388681
 0 0.338999
 0 0.366378
 0 0.358697
 0 0.346144
 0 0.395836
 0 0.355028
 0 0.338854
 0 0.339208
 0 0.374086
 0 0.367274
 0 0.393958
 0 0.382264
 0 0.360552
 0 0.350101
 0 0.343743
 0 0.341115
 0 0.341667
 0 0.383548
 0 0.341838
 0 0.369363
 0 0.351683
 0 0.391095
 0 0.381741
 0 0.366843
 0 0.34894
 0 0.378773
 0 0.361862
 0 0.324664
 0 0.358163
 0 0.379702
 0 0.338706
 0 0.383088
 0 0.35245
 0 0.383494
 0 0.3533
 0 0.337292
 0 0.384631
 0 0.338549
 0 0.345809
 0 0.356817
 0 0.343592
 0 0.368262
 0 0.362812
 0 0.379234
 0 0.349294
 0 0.352561
 0 0.392828
 0 0.33027
 0 0.357236
 0 0.343645
 0 0.348898
 0 0.347751
 0 0.38187
 0 0.359852
 0 0.361626
 0 0.348008
 0 0.361403
 0 0.407173
 0 0.361964
 0 0.377614
 0 0.359873
 0 0.363016
 0 0.383954
 0 0.363875
 0 0.396573
 0 0.367695
 0 0.376274
 0 0.380274
 0 0.361773
 0 0.371946
 0 0.380064
 0 0.340166
 0 0.357468
 0 0.376557
 0 0.347968
 0 0.363662
 0 0.375936
 0 0.369934
 0 0.367166
 0 0.373395
 0 0.394238
 0 0.364909
 0 0.348108
 0 0.360683
 0 0.349903
 0 0.335553
 0 0.352508
 0 0.363613
 0 0.358606
 0 0.356173
 0 0.352973
 0 0.369332
 0 0.365418
 0 0.383072
 0 0.353783
 0 0.371914
 0 0.328768
 0 0.342256
 0 0.359309
 0 0.381796
 0 0.360012
 0 0.399372
 0 0.375582
 0 0.363165
 0 0.36883
 0 0.35263
 0 0.360553
 0 0.389391
 0 0.346253
 0 0.329889
 0 0.369974
 0 0.355385
 0 0.365919
 0 0.385713
 0 0.367078
 0 0.374385
 0 0.350775
 0 0.366954
 0 0.376751
 0 0.346833
 0 0.351227
 0 0.349679
 0 0.353379
 0 0.38771
 0 0.376741
 0 0.363974
 0 0.371883
 0 0.387272
 0 0.382271
 0 0.393098
 0 0.384152
 0 0.337554
 0 0.372001
 0 0.35589
 0 0.362261
 0 0.35422
 0 0.351436
 0 0.338425
 0 0.370091
 0 0.365636
 0 0.362253
 0 0.360311
 0 0.396511
 0 0.379066
 0 0.372909
 0 0.375386
 0 0.346003
 0 0.365203
 0 0.375094
 0 0.360071
 0 0.396763
 0 0.364446
 0 0.365605
 0 0.335445
 0 0.354634
 0 0.402414
 0 0.369105
 0 0.396831
 0 0.404822
 0 0.391395
 0 0.372619
 0 0.37242
 0 0.39441
 0 0.359637
 0 0.381603
 0 0.377778
 0 0.363239
 0 0.362562
 0 0.357987
 0 0.366291
 0 0.376885
 0 0.380581
 0 0.372476
 0 0.375944
 0 0.384365
 0 0.372208
 0 0.386678
 0 0.377018
 0 0.392211
 0 0.358264
 0 0.3589
 0 0.361411
 0 0.385881
 0 0.341722
 0 0.37031
 0 0.382505
 0 0.360119
 0 0.377821
 0 0.384052
 0 0.394494
 0 0.371
 0 0.379229
 0 0.348657
 0 0.379272
 0 0.386001
 0 0.375209
 0 0.361783
 0 0.337486
 0 0.372808
 0 0.36766
 0 0.373439
 0 0.410117
 0 0.37393
 0 0.340762
 0 0.373203
 0 0.354351
 0 0.364939
 0 0.363804
 0 0.355373
 0 0.383241
 0 0.369975
 0 0.368278
 0 0.379566
 0 0.371558
 0 0.374984
 0 0.345351
 0 0.362261
 0 0.361913
 0 0.35925
 0 0.372246
 0 0.385007
 0 0.373613
 0 0.379426
 0 0.367385
 0 0.366721
 0 0.365962
 0 0.320995
 0 0.370997
 0 0.387987
 0 0.404651
 0 0.334747
 0 0.349012
 0 0.389027
 0 0.387163
 0 0.38931
 0 0.414709
 0 0.351432
 0 0.389717
 0 0.355582
 0 0.362334
 0 0.379849
 0 0.384137
 0 0.339567
 0 0.345658
 0 0.375604
 0 0.359618
 0 0.345448
 0 0.350015
 0 0.370217
 0 0.351748
 0 0.388474
 0 0.370839
 0 0.374843
 0 0.368676
 0 0.362526
 0 0.388935
 0 0.372313
 0 0.366295
 0 0.356438
 0 0.369393
 0 0.382251
 0 0.367129
 0 0.364459
 0 0.348332
 0 0.366693
 0 0.366893
 0 0.361526
 0 0.384127
 0 0.342822
 0 0.360264
 0 0.366335
 0 0.377965
 0 0.373997
 0 0.365017
 0 0.379281
 0 0.367014
 0 0.359405
 0 0.336091
 0 0.336023
 0 0.363388
 0 0.361577
 0 0.373124
 0 0.351852
 0 0.387168
 0 0.348484
 0 0.357428
 0 0.364256
 0 0.41128
 0 0.348691
 0 0.371611
 0 0.368443
 0 0.374182
 0 0.388843
 0 0.352318
 0 0.374878
 0 0.362544
 0 0.337873
 0 0.355701
 0 0.346774
 0 0.391327
 0 0.367138
 0 0.371933
 0 0.363283
 0 0.374479
 0 0.339028
 0 0.346237
 0 0.380211
 0 0.344616
 0 0.390614
 0 0.358446
 0 0.372388
 0 0.357655
 0 0.365882
 0 0.376709
 0 0.347902
 0 0.349147
 0 0.364342
 0 0.360098
 0 0.390586
 0 0.392177
 0 0.357155
 0 0.370424
 0 0.392943
 0 0.36033
 0 0.363267
 0 0.377927
 0 0.357783
 0 0.358541
 0 0.385589
 0 0.37519
 0 0.390334
 0 0.371444
 0 0.348586
 0 0.364495
 0 0.388039
 0 0.371167
 0 0.363426
 0 0.359637
 0 0.398828
 0 0.384192
 0 0.37882
 0 0.368096
 0 0.388107
 0 0.365314
 0 0.358408
 0 0.371612
 0 0.332461
 0 0.358329
 0 0.381433
 0 0.376165
 0 0.354457
 0 0.359331
 0 0.334322
 0 0.364577
 0 0.346702
 0 0.358453
 0 0.372136
 0 0.344917
 0 0.360528
 0 0.381205
 0 0.35933
 0 0.381438
 0 0.320085
 0 0.344031
 0 0.357301
 0 0.336451
 0 0.38297
 0 0.362485
 0 0.376954
 0 0.365121
 0 0.359309
 0 0.354971
 0 0.378521
 0 0.376478
 0 0.376915
 0 0.382372
 0 0.367602
 0 0.377921
 0 0.377859
 0 0.373272
 0 0.368487
 0 0.359751
 0 0.354142
 0 0.344926
 0 0.379976
