553 1 0 0 1
 0 0.399864
 0 0.395747
 0 0.440849
 0 0.33697
 0 0.427778
 0 0.346488
 0 0.429679
 0 0.390476
 0 0.406304
 0 0.424392
 0 0.403806
 0 0.47789
 0 0.36587
 0 0.387796
 0 0.355356
 0 0.382421
 0 0.391815
 0 0.394221
 0 0.384459
 0 0.427505
 0 0.377602
 0 0.437746
 0 0.430347
 0 0.337226
 0 0.473454
 0 0.389067
 0 0.346849
 0 0.374942
 0 0.312169
 0 0.405757
 0 0.420472
 0 0.388507
 0 0.375163
 0 0.46186
 0 0.369029
 0 0.424602
 0 0.434851
 0 0.403487
 0 0.37527
 0 0.363541
 0 0.355315
 0 0.418711
 0 0.371374
 0 0.371103
 0 0.380275
 0 0.378813
 0 0.392632
 0 0.339787
 0 0.384012
 0 0.37622
 0 0.348796
 0 0.38757
 0 0.40731
 0 0.404347
 0 0.429171
 0 0.40121
 0 0.431393
 0 0.371908
 0 0.400091
 0 0.454026
 0 0.379479
 0 0.428507
 0 0.379054
 0 0.376963
 0 0.378678
 0 0.391898
 0 0.398729
 0 0.348353
 0 0.383854
 0 0.393164
 0 0.45108
 0 0.450152
 0 0.398547
 0 0.3343
 0 0.391143
 0 0.365346
 0 0.423868
 0 0.412216
 0 0.484204
 0 0.427172
 0 0.396121
 0 0.413399
 0 0.432139
 0 0.485846
 0 0.375149
 0 0.39566
 0 0.403678
 0 0.343938
 0 0.384868
 0 0.389493
 0 0.431213
 0 0.41475
 0 0.398517
 0 0.422286
 0 0.347187
 0 0.41815
 0 0.395895
 0 0.398192
 0 0.371631
 0 0.384588
 0 0.411785
 0 0.375549
 0 0.403909
 0 0.353185
 0 0.389031
 0 0.415328
 0 0.407461
 0 0.413613
 0 0.442306
 0 0.394382
 0 0.375472
 0 0.413503
 0 0.379814
 0 0.356723
 0 0.423855
 0 0.381319
 0 0.333241
 0 0.363946
 0 0.374955
 0 0.373023
 0 0.307963
 0 0.364319
 0 0.365216
 0 0.381701
 0 0.34452
 0 0.388097
 0 0.436167
 0 0.42262
 0 0.404288
 0 0.408596
 0 0.404508
 0 0.385272
 0 0.391294
 0 0.349994
 0 0.380996
 0 0.354526
 0 0.408511
 0 0.399599
 0 0.332607
 0 0.36841
 0 0.38709
 0 0.367871
 0 0.427717
 0 0.354657
 0 0.415168
 0 0.426026
 0 0.393121
 0 0.345891
 0 0.288412
 0 0.412445
 0 0.337992
 0 0.428734
 0 0.35594
 0 0.32629
 0 0.353613
 0 0.419626
 0 0.405211
 0 0.410282
 0 0.370954
 0 0.400931
 0 0.361457
 0 0.404808
 0 0.325493
 0 0.367123
 0 0.383424
 0 0.336821
 0 0.345573
 0 0.419848
 0 0.361973
 0 0.395777
 0 0.375111
 0 0.368123
 0 0.425518
 0 0.372348
 0 0.341675
 0 0.382569
 0 0.373431
 0 0.376289
 0 0.348287
 0 0.442774
 0 0.380191
 0 0.403076
 0 0.373157
 0 0.359412
 0 0.315565
 0 0.385806
 0 0.369491
 0 0.411563
 0 0.41122
 0 0.432871
 0 0.437201
 0 0.395746
 0 0.374119
 0 0.37847
 0 0.415076
 0 0.388132
 0 0.380925
 0 0.398811
 0 0.331311
 0 0.410278
 0 0.337955
 0 0.417867
 0 0.41104
 0 0.374745
 0 0.431193
 0 0.347547
 0 0.307574
 0 0.409919
 0 0.362545
 0 0.384698
 0 0.366923
 0 0.396156
 0 0.33599
 0 0.351214
 0 0.433508
 0 0.410852
 0 0.388578
 0 0.350673
 0 0.357903
 0 0.389076
 0 0.387087
 0 0.347105
 0 0.370014
 0 0.377699
 0 0.383157
 0 0.437283
 0 0.359174
 0 0.373113
 0 0.34015
 0 0.393752
 0 0.384748
 0 0.391596
 0 0.4194
 0 0.436496
 0 0.370371
 0 0.373549
 0 0.384703
 0 0.360403
 0 0.438163
 0 0.374508
 0 0.404459
 0 0.40114
 0 0.384893
 0 0.407896
 0 0.388392
 0 0.394408
 0 0.420756
 0 0.356988
 0 0.418269
 0 0.379826
 0 0.386938
 0 0.408554
 0 0.398442
 0 0.354576
 0 0.385194
 0 0.37073
 0 0.369053
 0 0.348813
 0 0.396641
 0 0.394073
 0 0.371396
 0 0.402051
 0 0.38082
 0 0.366478
 0 0.350986
 0 0.381564
 0 0.412807
 0 0.433008
 0 0.392983
 0 0.456693
 0 0.404886
 0 0.374255
 0 0.390193
 0 0.369699
 0 0.412462
 0 0.429457
 0 0.369783
 0 0.310794
 0 0.425354
 0 0.406421
 0 0.387789
 0 0.394231
 0 0.395484
 0 0.381097
 0 0.350634
 0 0.450186
 0 0.423787
 0 0.362288
 0 0.367754
 0 0.34541
 0 0.380285
 0 0.385697
 0 0.404116
 0 0.388488
 0 0.375651
 0 0.446542
 0 0.391962
 0 0.436715
 0 0.422982
 0 0.349152
 0 0.381354
 0 0.348274
 0 0.430344
 0 0.399901
 0 0.360138
 0 0.328385
 0 0.397683
 0 0.389986
 0 0.442117
 0 0.363985
 0 0.407874
 0 0.386028
 0 0.397564
 0 0.398377
 0 0.359772
 0 0.347191
 0 0.421628
 0 0.43773
 0 0.410313
 0 0.383978
 0 0.389689
 0 0.404423
 0 0.428442
 0 0.454021
 0 0.402598
 0 0.416015
 0 0.381547
 0 0.450144
 0 0.375132
 0 0.39269
 0 0.400091
 0 0.255147
 0 0.427266
 0 0.407929
 0 0.406799
 0 0.439523
 0 0.391327
 0 0.352105
 0 0.408337
 0 0.422507
 0 0.434587
 0 0.369747
 0 0.404167
 0 0.405696
 0 0.396692
 0 0.392766
 0 0.374207
 0 0.407185
 0 0.382324
 0 0.414009
 0 0.370425
 0 0.396489
 0 0.415594
 0 0.44446
 0 0.467807
 0 0.35628
 0 0.411234
 0 0.392016
 0 0.424127
 0 0.373908
 0 0.334198
 0 0.442103
 0 0.417736
 0 0.383402
 0 0.383776
 0 0.330585
 0 0.434211
 0 0.413594
 0 0.410214
 0 0.420576
 0 0.414504
 0 0.355014
 0 0.40634
 0 0.367647
 0 0.360721
 0 0.369094
 0 0.375903
 0 0.356821
 0 0.398241
 0 0.408765
 0 0.410636
 0 0.38697
 0 0.427937
 0 0.381055
 0 0.39291
 0 0.412459
 0 0.345725
 0 0.391662
 0 0.414576
 0 0.405463
 0 0.407697
 0 0.361906
 0 0.430168
 0 0.430003
 0 0.354166
 0 0.411023
 0 0.353651
 0 0.477846
 0 0.406417
 0 0.375799
 0 0.390843
 0 0.412693
 0 0.464564
 0 0.414641
 0 0.390512
 0 0.400612
 0 0.38609
 0 0.418466
 0 0.366673
 0 0.394521
 0 0.330858
 0 0.350693
 0 0.421791
 0 0.38261
 0 0.388178
 0 0.365928
 0 0.372615
 0 0.410366
 0 0.417292
 0 0.393754
 0 0.391739
 0 0.362975
 0 0.405137
 0 0.434293
 0 0.391261
 0 0.376214
 0 0.3954
 0 0.381477
 0 0.43417
 0 0.367349
 0 0.407612
 0 0.380114
 0 0.382414
 0 0.376827
 0 0.399285
 0 0.443211
 0 0.364339
 0 0.373703
 0 0.388565
 0 0.374647
 0 0.370629
 0 0.370054
 0 0.432203
 0 0.419465
 0 0.370263
 0 0.348847
 0 0.374167
 0 0.398521
 0 0.34067
 0 0.426029
 0 0.378644
 0 0.392647
 0 0.392351
 0 0.387478
 0 0.367578
 0 0.412378
 0 0.3519
 0 0.422386
 0 0.448753
 0 0.421686
 0 0.400614
 0 0.330881
 0 0.400338
 0 0.351721
 0 0.340907
 0 0.347733
 0 0.378196
 0 0.43101
 0 0.432622
 0 0.386684
 0 0.392338
 0 0.379915
 0 0.329936
 0 0.32388
 0 0.407011
 0 0.374555
 0 0.408651
 0 0.429126
 0 0.384701
 0 0.358588
 0 0.374434
 0 0.386513
 0 0.397061
 0 0.382788
 0 0.401504
 0 0.377978
 0 0.442657
 0 0.425716
 0 0.413563
 0 0.390251
 0 0.399838
 0 0.399974
 0 0.366701
 0 0.365211
 0 0.363088
 0 0.352432
 0 0.367807
 0 0.415995
 0 0.428754
 0 0.449138
 0 0.386716
 0 0.376747
 0 0.401723
 0 0.392823
 0 0.418257
 0 0.397506
 0 0.405981
 0 0.406405
 0 0.429788
 0 0.413193
 0 0.415361
 0 0.394281
 0 0.385695
 0 0.392414
 0 0.32772
 0 0.366312
 0 0.44205
 0 0.391511
 0 0.397708
 0 0.385078
 0 0.386338
 0 0.371167
 0 0.406997
 0 0.431123
 0 0.397301
 0 0.383199
 0 0.395351
 0 0.40923
 0 0.34936
 0 0.448217
 0 0.360032
 0 0.358944
 0 0.382754
 0 0.35467
 0 0.430543
 0 0.388544
 0 0.389718
 0 0.369091
 0 0.359252
 0 0.424654
 0 0.444603
 0 0.421791
 0 0.446566
 0 0.437638
 0 0.38901
 0 0.404193
 0 0.427952
 0 0.412205
 0 0.393029
 0 0.389651
 0 0.383959
 0 0.341698
 0 0.414203
