603 1 0 0 1
 0 0.343623
 0 0.365407
 0 0.367449
 0 0.355481
 0 0.394972
 0 0.406229
 0 0.352748
 0 0.374202
 0 0.344964
 0 0.383013
 0 0.409175
 0 0.38038
 0 0.349328
 0 0.390939
 0 0.379867
 0 0.38481
 0 0.342227
 0 0.373589
 0 0.361179
 0 0.384389
 0 0.345653
 0 0.377916
 0 0.416527
 0 0.382684
 0 0.334428
 0 0.374767
 0 0.365783
 0 0.41952
 0 0.37055
 0 0.404705
 0 0.334052
 0 0.369973
 0 0.358002
 0 0.355895
 0 0.353529
 0 0.411352
 0 0.367941
 0 0.353906
 0 0.348611
 0 0.377805
 0 0.386585
 0 0.35049
 0 0.390957
 0 0.360913
 0 0.393981
 0 0.333464
 0 0.365495
 0 0.367059
 0 0.379984
 0 0.345313
 0 0.328401
 0 0.409427
 0 0.358353
 0 0.306233
 0 0.431563
 0 0.386403
 0 0.409464
 0 0.378763
 0 0.323091
 0 0.35816
 0 0.379769
 0 0.390202
 0 0.384658
 0 0.36998
 0 0.382227
 0 0.374576
 0 0.348517
 0 0.351713
 0 0.382367
 0 0.379445
 0 0.354078
 0 0.388507
 0 0.370766
 0 0.37689
 0 0.423017
 0 0.336387
 0 0.389076
 0 0.343559
 0 0.410175
 0 0.390469
 0 0.356434
 0 0.350074
 0 0.392468
 0 0.346646
 0 0.353606
 0 0.40537
 0 0.347274
 0 0.409063
 0 0.353617
 0 0.360094
 0 0.399621
 0 0.380017
 0 0.373775
 0 0.408611
 0 0.379229
 0 0.347987
 0 0.378738
 0 0.407309
 0 0.386153
 0 0.388312
 0 0.36036
 0 0.357926
 0 0.360171
 0 0.358169
 0 0.38637
 0 0.379266
 0 0.383316
 0 0.388836
 0 0.355572
 0 0.365422
 0 0.355014
 0 0.330427
 0 0.344036
 0 0.350033
 0 0.362599
 0 0.389014
 0 0.354248
 0 0.43724
 0 0.384314
 0 0.37053
 0 0.358659
 0 0.358661
 0 0.383797
 0 0.368762
 0 0.374177
 0 0.361582
 0 0.41305
 0 0.391272
 0 0.362506
 0 0.365959
 0 0.385688
 0 0.339836
 0 0.388253
 0 0.394003
 0 0.362257
 0 0.366547
 0 0.353053
 0 0.342006
 0 0.355568
 0 0.416659
 0 0.399
 0 0.364772
 0 0.35701
 0 0.402643
 0 0.365961
 0 0.373295
 0 0.372334
 0 0.386333
 0 0.350176
 0 0.380272
 0 0.379528
 0 0.374845
 0 0.337474
 0 0.399939
 0 0.362622
 0 0.377148
 0 0.397351
 0 0.386136
 0 0.36688
 0 0.361562
 0 0.389897
 0 0.363654
 0 0.371286
 0 0.339158
 0 0.360726
 0 0.359254
 0 0.383546
 0 0.359185
 0 0.370932
 0 0.367306
 0 0.405007
 0 0.361735
 0 0.349673
 0 0.396104
 0 0.366454
 0 0.363367
 0 0.393756
 0 0.358889
 0 0.35861
 0 0.34978
 0 0.380783
 0 0.375327
 0 0.362152
 0 0.369521
 0 0.380338
 0 0.363766
 0 0.317855
 0 0.371186
 0 0.401316
 0 0.388762
 0 0.369586
 0 0.363823
 0 0.352975
 0 0.339409
 0 0.334523
 0 0.39732
 0 0.374433
 0 0.350605
 0 0.377025
 0 0.375076
 0 0.40437
 0 0.386843
 0 0.364948
 0 0.378532
 0 0.362139
 0 0.393185
 0 0.366633
 0 0.371467
 0 0.389072
 0 0.357164
 0 0.397276
 0 0.385884
 0 0.31465
 0 0.382233
 0 0.390784
 0 0.379863
 0 0.396407
 0 0.37552
 0 0.395558
 0 0.339291
 0 0.346011
 0 0.353923
 0 0.362786
 0 0.387792
 0 0.368622
 0 0.36538
 0 0.367574
 0 0.365321
 0 0.347816
 0 0.395701
 0 0.326955
 0 0.402706
 0 0.37042
 0 0.340004
 0 0.376398
 0 0.375298
 0 0.346206
 0 0.382691
 0 0.343784
 0 0.36606
 0 0.351688
 0 0.368621
 0 0.340603
 0 0.377171
 0 0.320477
 0 0.408027
 0 0.40662
 0 0.356369
 0 0.351081
 0 0.336066
 0 0.398152
 0 0.391365
 0 0.380986
 0 0.415803
 0 0.361045
 0 0.353542
 0 0.339291
 0 0.388855
 0 0.371922
 0 0.369144
 0 0.389763
 0 0.359064
 0 0.338396
 0 0.353144
 0 0.401783
 0 0.349987
 0 0.361607
 0 0.389348
 0 0.378218
 0 0.37822
 0 0.398639
 0 0.377703
 0 0.380132
 0 0.371857
 0 0.409609
 0 0.373683
 0 0.332583
 0 0.35167
 0 0.367682
 0 0.329997
 0 0.407838
 0 0.378012
 0 0.342507
 0 0.364071
 0 0.384835
 0 0.365146
 0 0.40753
 0 0.366451
 0 0.375794
 0 0.387501
 0 0.393302
 0 0.354794
 0 0.373235
 0 0.364601
 0 0.376025
 0 0.366908
 0 0.374045
 0 0.392833
 0 0.356831
 0 0.299134
 0 0.373331
 0 0.407084
 0 0.358244
 0 0.346392
 0 0.368062
 0 0.39431
 0 0.392625
 0 0.34185
 0 0.353351
 0 0.369927
 0 0.3593
 0 0.381998
 0 0.387407
 0 0.412283
 0 0.333728
 0 0.402291
 0 0.391846
 0 0.350312
 0 0.375492
 0 0.37912
 0 0.355731
 0 0.368249
 0 0.395351
 0 0.399104
 0 0.391967
 0 0.375293
 0 0.353884
 0 0.370904
 0 0.379502
 0 0.389054
 0 0.365011
 0 0.404449
 0 0.389951
 0 0.374834
 0 0.395051
 0 0.390433
 0 0.38348
 0 0.37645
 0 0.379338
 0 0.385852
 0 0.321965
 0 0.395793
 0 0.389161
 0 0.382856
 0 0.351545
 0 0.383126
 0 0.41045
 0 0.335874
 0 0.372873
 0 0.360485
 0 0.379868
 0 0.325187
 0 0.401983
 0 0.375862
 0 0.424755
 0 0.361626
 0 0.387571
 0 0.346362
 0 0.382099
 0 0.357319
 0 0.365281
 0 0.370429
 0 0.365803
 0 0.400883
 0 0.34258
 0 0.333909
 0 0.36441
 0 0.386676
 0 0.361796
 0 0.384832
 0 0.378149
 0 0.374912
 0 0.369623
 0 0.396395
 0 0.410214
 0 0.35831
 0 0.33179
 0 0.409319
 0 0.337404
 0 0.381038
 0 0.370906
 0 0.364992
 0 0.373882
 0 0.383053
 0 0.388747
 0 0.358601
 0 0.360899
 0 0.351252
 0 0.315855
 0 0.374605
 0 0.339183
 0 0.355128
 0 0.383904
 0 0.368469
 0 0.376864
 0 0.344885
 0 0.331657
 0 0.402769
 0 0.382448
 0 0.372504
 0 0.359614
 0 0.411552
 0 0.396827
 0 0.397199
 0 0.384012
 0 0.348759
 0 0.38952
 0 0.392613
 0 0.348514
 0 0.341939
 0 0.374137
 0 0.389745
 0 0.346867
 0 0.379114
 0 0.370485
 0 0.342355
 0 0.364254
 0 0.352521
 0 0.376106
 0 0.371738
 0 0.381942
 0 0.348583
 0 0.365239
 0 0.35854
 0 0.339381
 0 0.375365
 0 0.356062
 0 0.369229
 0 0.410704
 0 0.388136
 0 0.351323
 0 0.401547
 0 0.398032
 0 0.406132
 0 0.366975
 0 0.365591
 0 0.372907
 0 0.379264
 0 0.338381
 0 0.344465
 0 0.404837
 0 0.35848
 0 0.401878
 0 0.382268
 0 0.372314
 0 0.382523
 0 0.386133
 0 0.411631
 0 0.359605
 0 0.392701
 0 0.398504
 0 0.383342
 0 0.360575
 0 0.38642
 0 0.372837
 0 0.392064
 0 0.341306
 0 0.366841
 0 0.380071
 0 0.370384
 0 0.38736
 0 0.39251
 0 0.396206
 0 0.373481
 0 0.393351
 0 0.373506
 0 0.387748
 0 0.389701
 0 0.391216
 0 0.334209
 0 0.363599
 0 0.439868
 0 0.417591
 0 0.323507
 0 0.421779
 0 0.397238
 0 0.375406
 0 0.3421
 0 0.36407
 0 0.351135
 0 0.384439
 0 0.394692
 0 0.392344
 0 0.343582
 0 0.383526
 0 0.375733
 0 0.346998
 0 0.360414
 0 0.395554
 0 0.38446
 0 0.379775
 0 0.370875
 0 0.379815
 0 0.340229
 0 0.356519
 0 0.369452
 0 0.36879
 0 0.371456
 0 0.368652
 0 0.36339
 0 0.382655
 0 0.384277
 0 0.398943
 0 0.39605
 0 0.399112
 0 0.372891
 0 0.374063
 0 0.395185
 0 0.392781
 0 0.384239
 0 0.371079
 0 0.385594
 0 0.384124
 0 0.362054
 0 0.394809
 0 0.352649
 0 0.379112
 0 0.367125
 0 0.327198
 0 0.427885
 0 0.390088
 0 0.338738
 0 0.411817
 0 0.370264
 0 0.38846
 0 0.39617
 0 0.3539
 0 0.407814
 0 0.370729
 0 0.297505
 0 0.388567
 0 0.369982
 0 0.40077
 0 0.374538
 0 0.388673
 0 0.365695
 0 0.322722
 0 0.408285
 0 0.377556
 0 0.377501
 0 0.39286
 0 0.397379
 0 0.394602
 0 0.397096
 0 0.353755
 0 0.394776
 0 0.406693
 0 0.390665
 0 0.331483
 0 0.394351
 0 0.397294
 0 0.374742
 0 0.357939
 0 0.401613
 0 0.369373
 0 0.351815
 0 0.375586
 0 0.382723
 0 0.340747
 0 0.364939
 0 0.383396
 0 0.373565
 0 0.391115
 0 0.376767
 0 0.352239
 0 0.357416
 0 0.416212
 0 0.387653
 0 0.3609
 0 0.35772
 0 0.330077
 0 0.360608
 0 0.399103
 0 0.394338
 0 0.363138
 0 0.373897
 0 0.381525
 0 0.385285
 0 0.361246
 0 0.352065
 0 0.400515
 0 0.336429
 0 0.409947
 0 0.380718
 0 0.381423
 0 0.395509
 0 0.357781
 0 0.377923
 0 0.334075
 0 0.367271
 0 0.378099
 0 0.357197
 0 0.375605
 0 0.362439
 0 0.378405
 0 0.433445
 0 0.375788
 0 0.395031
 0 0.372165
 0 0.392766
 0 0.401339
 0 0.371989
 0 0.373823
