553 1 0 0 1
 0 0.393547
 0 0.386142
 0 0.407037
 0 0.396175
 0 0.413684
 0 0.389614
 0 0.430845
 0 0.404204
 0 0.398772
 0 0.416558
 0 0.419311
 0 0.406015
 0 0.385493
 0 0.412248
 0 0.380208
 0 0.395192
 0 0.398287
 0 0.407047
 0 0.428509
 0 0.408521
 0 0.427183
 0 0.409244
 0 0.412672
 0 0.384121
 0 0.412718
 0 0.397054
 0 0.393224
 0 0.40393
 0 0.379371
 0 0.402786
 0 0.403983
 0 0.407997
 0 0.382188
 0 0.439478
 0 0.411101
 0 0.414163
 0 0.404556
 0 0.400299
 0 0.408239
 0 0.4021
 0 0.386399
 0 0.414082
 0 0.406569
 0 0.394206
 0 0.39334
 0 0.391985
 0 0.427758
 0 0.4105
 0 0.407822
 0 0.392156
 0 0.398471
 0 0.399297
 0 0.419928
 0 0.400992
 0 0.387104
 0 0.404464
 0 0.408198
 0 0.404187
 0 0.410037
 0 0.41998
 0 0.406674
 0 0.405137
 0 0.402211
 0 0.422389
 0 0.424863
 0 0.396982
 0 0.385886
 0 0.374609
 0 0.400473
 0 0.408215
 0 0.431586
 0 0.423331
 0 0.407264
 0 0.38679
 0 0.409328
 0 0.403081
 0 0.389109
 0 0.396351
 0 0.427383
 0 0.414826
 0 0.410345
 0 0.406723
 0 0.405958
 0 0.42605
 0 0.382006
 0 0.40356
 0 0.405951
 0 0.39288
 0 0.40335
 0 0.392621
 0 0.400097
 0 0.403784
 0 0.415615
 0 0.414707
 0 0.391333
 0 0.395076
 0 0.370173
 0 0.382177
 0 0.397952
 0 0.402486
 0 0.414242
 0 0.409784
 0 0.389102
 0 0.404325
 0 0.38573
 0 0.407327
 0 0.38794
 0 0.400116
 0 0.401129
 0 0.403221
 0 0.3988
 0 0.390369
 0 0.392036
 0 0.376462
 0 0.3919
 0 0.392098
 0 0.384547
 0 0.408006
 0 0.418444
 0 0.380148
 0 0.370411
 0 0.394663
 0 0.399571
 0 0.402792
 0 0.386993
 0 0.400852
 0 0.415026
 0 0.401725
 0 0.415089
 0 0.405418
 0 0.391734
 0 0.399357
 0 0.386766
 0 0.388355
 0 0.374451
 0 0.363345
 0 0.417537
 0 0.40259
 0 0.407624
 0 0.412614
 0 0.395117
 0 0.41024
 0 0.389485
 0 0.404613
 0 0.405166
 0 0.415879
 0 0.40244
 0 0.388053
 0 0.387365
 0 0.414043
 0 0.392729
 0 0.41352
 0 0.399128
 0 0.380456
 0 0.383982
 0 0.394776
 0 0.411285
 0 0.407597
 0 0.38493
 0 0.410958
 0 0.390044
 0 0.39978
 0 0.392097
 0 0.397626
 0 0.420932
 0 0.394217
 0 0.383763
 0 0.404401
 0 0.40476
 0 0.408703
 0 0.406845
 0 0.39056
 0 0.42228
 0 0.383563
 0 0.369478
 0 0.39507
 0 0.403199
 0 0.404839
 0 0.419276
 0 0.406834
 0 0.401318
 0 0.412664
 0 0.378114
 0 0.372398
 0 0.389466
 0 0.411503
 0 0.366433
 0 0.405403
 0 0.353038
 0 0.406081
 0 0.423201
 0 0.398869
 0 0.38919
 0 0.402637
 0 0.383148
 0 0.365905
 0 0.396938
 0 0.416333
 0 0.384924
 0 0.40856
 0 0.397688
 0 0.415574
 0 0.372543
 0 0.370853
 0 0.401639
 0 0.369057
 0 0.390009
 0 0.399253
 0 0.375274
 0 0.41187
 0 0.3982
 0 0.417168
 0 0.404543
 0 0.391645
 0 0.419017
 0 0.389048
 0 0.395318
 0 0.392384
 0 0.408509
 0 0.389549
 0 0.400895
 0 0.406205
 0 0.398969
 0 0.395384
 0 0.386599
 0 0.426633
 0 0.413042
 0 0.413693
 0 0.403064
 0 0.385529
 0 0.416687
 0 0.407306
 0 0.404084
 0 0.399462
 0 0.402129
 0 0.396971
 0 0.39611
 0 0.414482
 0 0.407618
 0 0.383373
 0 0.39738
 0 0.411155
 0 0.384193
 0 0.404687
 0 0.413453
 0 0.409547
 0 0.405986
 0 0.400761
 0 0.410283
 0 0.39756
 0 0.39253
 0 0.396198
 0 0.36629
 0 0.375268
 0 0.409867
 0 0.41052
 0 0.402956
 0 0.391218
 0 0.391253
 0 0.396183
 0 0.395764
 0 0.418994
 0 0.390685
 0 0.397218
 0 0.386124
 0 0.39381
 0 0.406903
 0 0.400886
 0 0.392926
 0 0.413835
 0 0.410549
 0 0.413425
 0 0.401547
 0 0.406729
 0 0.39681
 0 0.421099
 0 0.397185
 0 0.386976
 0 0.397757
 0 0.393631
 0 0.40199
 0 0.405482
 0 0.404179
 0 0.396088
 0 0.393491
 0 0.386124
 0 0.419169
 0 0.392826
 0 0.386978
 0 0.38382
 0 0.395678
 0 0.405057
 0 0.398458
 0 0.38777
 0 0.410539
 0 0.422452
 0 0.417881
 0 0.419155
 0 0.403785
 0 0.381711
 0 0.399001
 0 0.399588
 0 0.394661
 0 0.398463
 0 0.39702
 0 0.372041
 0 0.417009
 0 0.401665
 0 0.391954
 0 0.393245
 0 0.423509
 0 0.41672
 0 0.406607
 0 0.415324
 0 0.378357
 0 0.408676
 0 0.407792
 0 0.405555
 0 0.417879
 0 0.388868
 0 0.402579
 0 0.375912
 0 0.395721
 0 0.406584
 0 0.391673
 0 0.433592
 0 0.424341
 0 0.417877
 0 0.4073
 0 0.410072
 0 0.447781
 0 0.39963
 0 0.403551
 0 0.406227
 0 0.396775
 0 0.399143
 0 0.407133
 0 0.409545
 0 0.413283
 0 0.398903
 0 0.394466
 0 0.407507
 0 0.423644
 0 0.416955
 0 0.419033
 0 0.405022
 0 0.413372
 0 0.411339
 0 0.400372
 0 0.398893
 0 0.402392
 0 0.403291
 0 0.403519
 0 0.410494
 0 0.404702
 0 0.411924
 0 0.41529
 0 0.423222
 0 0.402496
 0 0.395249
 0 0.401811
 0 0.406464
 0 0.407858
 0 0.4015
 0 0.395833
 0 0.372075
 0 0.385742
 0 0.412
 0 0.41082
 0 0.427602
 0 0.39453
 0 0.400918
 0 0.397032
 0 0.398659
 0 0.406635
 0 0.39501
 0 0.392778
 0 0.403516
 0 0.41241
 0 0.413328
 0 0.414723
 0 0.410098
 0 0.410074
 0 0.39745
 0 0.402048
 0 0.398792
 0 0.395093
 0 0.404207
 0 0.418942
 0 0.407545
 0 0.409833
 0 0.416422
 0 0.398788
 0 0.412479
 0 0.374229
 0 0.399873
 0 0.424234
 0 0.409125
 0 0.386047
 0 0.392813
 0 0.411864
 0 0.390334
 0 0.428775
 0 0.42251
 0 0.39971
 0 0.407518
 0 0.394419
 0 0.397192
 0 0.407882
 0 0.391385
 0 0.387394
 0 0.388294
 0 0.414479
 0 0.38936
 0 0.384062
 0 0.372596
 0 0.406112
 0 0.376903
 0 0.439819
 0 0.408055
 0 0.414287
 0 0.400161
 0 0.396458
 0 0.410924
 0 0.407734
 0 0.38086
 0 0.404603
 0 0.396042
 0 0.413147
 0 0.398035
 0 0.384908
 0 0.393499
 0 0.400782
 0 0.418112
 0 0.400451
 0 0.40481
 0 0.369102
 0 0.396387
 0 0.385772
 0 0.421129
 0 0.386045
 0 0.402789
 0 0.419304
 0 0.409571
 0 0.401241
 0 0.385943
 0 0.382086
 0 0.397479
 0 0.399089
 0 0.398243
 0 0.391606
 0 0.412948
 0 0.406358
 0 0.418397
 0 0.404146
 0 0.410219
 0 0.407176
 0 0.387021
 0 0.402384
 0 0.395045
 0 0.422182
 0 0.389397
 0 0.403886
 0 0.415986
 0 0.412623
 0 0.404312
 0 0.403685
 0 0.415652
 0 0.384149
 0 0.407176
 0 0.397465
 0 0.406791
 0 0.391737
 0 0.360075
 0 0.415169
 0 0.401897
 0 0.432183
 0 0.400538
 0 0.407688
 0 0.383414
 0 0.399718
 0 0.409631
 0 0.383306
 0 0.398407
 0 0.393916
 0 0.397338
 0 0.412687
 0 0.412583
 0 0.403822
 0 0.403246
 0 0.411087
 0 0.406145
 0 0.37589
 0 0.415879
 0 0.395282
 0 0.406534
 0 0.41546
 0 0.403594
 0 0.415124
 0 0.393429
 0 0.396811
 0 0.394053
 0 0.422477
 0 0.411845
 0 0.388715
 0 0.416536
 0 0.413507
 0 0.422937
 0 0.404672
 0 0.410295
 0 0.419453
 0 0.416554
 0 0.391497
 0 0.406995
 0 0.390774
 0 0.387181
 0 0.40835
 0 0.405552
 0 0.400914
 0 0.412535
 0 0.377385
 0 0.383856
 0 0.403363
 0 0.393479
 0 0.404314
 0 0.392138
 0 0.386462
 0 0.417256
 0 0.410324
 0 0.394154
 0 0.365866
 0 0.395504
 0 0.374628
 0 0.388762
 0 0.392823
 0 0.399671
 0 0.397166
 0 0.384794
 0 0.404976
 0 0.379791
 0 0.42263
 0 0.41934
 0 0.408514
 0 0.421232
 0 0.388545
 0 0.398885
 0 0.415439
 0 0.40183
 0 0.401087
 0 0.405553
 0 0.412723
 0 0.385039
 0 0.412464
