603 1 0 0 1
 0 0.312918
 0 0.366026
 0 0.360529
 0 0.342786
 0 0.35729
 0 0.389078
 0 0.350948
 0 0.35199
 0 0.319348
 0 0.375354
 0 0.378394
 0 0.368644
 0 0.341042
 0 0.383123
 0 0.373195
 0 0.370723
 0 0.326149
 0 0.348726
 0 0.332346
 0 0.366423
 0 0.311769
 0 0.369064
 0 0.391106
 0 0.359715
 0 0.332856
 0 0.359603
 0 0.337675
 0 0.401055
 0 0.351387
 0 0.384316
 0 0.327674
 0 0.357566
 0 0.343021
 0 0.337703
 0 0.329538
 0 0.391536
 0 0.336679
 0 0.319936
 0 0.340959
 0 0.364686
 0 0.366042
 0 0.356503
 0 0.369678
 0 0.351362
 0 0.387259
 0 0.344401
 0 0.349411
 0 0.345118
 0 0.359811
 0 0.320634
 0 0.339585
 0 0.37452
 0 0.351913
 0 0.293111
 0 0.408735
 0 0.362082
 0 0.385391
 0 0.368608
 0 0.323249
 0 0.345853
 0 0.357927
 0 0.360284
 0 0.354699
 0 0.347588
 0 0.369339
 0 0.350676
 0 0.329942
 0 0.34572
 0 0.343485
 0 0.352962
 0 0.331788
 0 0.371147
 0 0.36638
 0 0.362174
 0 0.400379
 0 0.314056
 0 0.363424
 0 0.35116
 0 0.378802
 0 0.357953
 0 0.336192
 0 0.326231
 0 0.356553
 0 0.345904
 0 0.339887
 0 0.370487
 0 0.324303
 0 0.388665
 0 0.341363
 0 0.3439
 0 0.36929
 0 0.34898
 0 0.338386
 0 0.38821
 0 0.387682
 0 0.327529
 0 0.340078
 0 0.380594
 0 0.370921
 0 0.359601
 0 0.350292
 0 0.333287
 0 0.344693
 0 0.345437
 0 0.383244
 0 0.360335
 0 0.363452
 0 0.372739
 0 0.337182
 0 0.342112
 0 0.349888
 0 0.290468
 0 0.312802
 0 0.344222
 0 0.341615
 0 0.359073
 0 0.34426
 0 0.408725
 0 0.374686
 0 0.347181
 0 0.344146
 0 0.348497
 0 0.371333
 0 0.338054
 0 0.364
 0 0.328215
 0 0.389781
 0 0.361019
 0 0.352662
 0 0.344593
 0 0.358902
 0 0.328047
 0 0.354725
 0 0.375054
 0 0.347988
 0 0.34547
 0 0.337379
 0 0.327922
 0 0.352628
 0 0.393665
 0 0.376606
 0 0.357318
 0 0.336526
 0 0.381172
 0 0.368772
 0 0.380147
 0 0.353791
 0 0.370655
 0 0.342612
 0 0.36166
 0 0.367216
 0 0.368469
 0 0.318872
 0 0.37282
 0 0.357785
 0 0.348182
 0 0.367796
 0 0.3805
 0 0.3589
 0 0.353391
 0 0.370756
 0 0.353873
 0 0.355004
 0 0.332282
 0 0.358195
 0 0.346637
 0 0.357731
 0 0.32991
 0 0.35364
 0 0.360844
 0 0.378851
 0 0.358336
 0 0.319928
 0 0.372525
 0 0.34721
 0 0.357481
 0 0.371037
 0 0.351989
 0 0.330085
 0 0.328128
 0 0.377878
 0 0.364558
 0 0.339903
 0 0.351326
 0 0.361811
 0 0.356986
 0 0.313288
 0 0.334474
 0 0.383873
 0 0.362598
 0 0.312007
 0 0.35676
 0 0.317114
 0 0.321668
 0 0.323742
 0 0.361061
 0 0.35141
 0 0.324642
 0 0.34497
 0 0.332156
 0 0.382411
 0 0.384063
 0 0.347594
 0 0.351705
 0 0.359344
 0 0.341655
 0 0.340111
 0 0.359943
 0 0.36778
 0 0.329613
 0 0.37211
 0 0.373814
 0 0.33201
 0 0.368057
 0 0.378122
 0 0.38978
 0 0.384385
 0 0.356789
 0 0.381477
 0 0.319983
 0 0.332162
 0 0.324514
 0 0.348279
 0 0.374223
 0 0.33836
 0 0.354874
 0 0.35656
 0 0.354605
 0 0.33378
 0 0.381724
 0 0.314269
 0 0.370964
 0 0.354063
 0 0.330632
 0 0.352939
 0 0.362132
 0 0.329051
 0 0.354221
 0 0.3271
 0 0.354696
 0 0.31837
 0 0.346471
 0 0.32666
 0 0.369397
 0 0.311876
 0 0.403016
 0 0.384725
 0 0.341822
 0 0.329786
 0 0.344371
 0 0.376717
 0 0.377263
 0 0.359934
 0 0.389071
 0 0.344044
 0 0.328326
 0 0.341408
 0 0.354258
 0 0.364295
 0 0.33253
 0 0.366305
 0 0.329407
 0 0.326338
 0 0.327511
 0 0.374276
 0 0.321908
 0 0.3571
 0 0.372727
 0 0.337174
 0 0.365969
 0 0.377773
 0 0.342878
 0 0.370619
 0 0.352633
 0 0.38798
 0 0.356715
 0 0.312049
 0 0.324737
 0 0.35562
 0 0.320862
 0 0.392455
 0 0.357886
 0 0.328065
 0 0.345709
 0 0.36344
 0 0.337992
 0 0.366261
 0 0.348101
 0 0.346233
 0 0.375219
 0 0.367621
 0 0.343613
 0 0.350157
 0 0.344415
 0 0.355822
 0 0.340129
 0 0.3734
 0 0.373301
 0 0.370857
 0 0.27021
 0 0.362652
 0 0.391348
 0 0.338345
 0 0.329656
 0 0.36783
 0 0.371151
 0 0.392885
 0 0.33287
 0 0.357413
 0 0.349231
 0 0.33397
 0 0.361939
 0 0.363611
 0 0.382577
 0 0.322262
 0 0.39063
 0 0.371115
 0 0.340419
 0 0.337167
 0 0.356294
 0 0.348668
 0 0.350399
 0 0.382244
 0 0.386794
 0 0.375958
 0 0.34733
 0 0.348549
 0 0.349306
 0 0.37209
 0 0.368855
 0 0.354597
 0 0.377968
 0 0.369555
 0 0.356873
 0 0.353233
 0 0.379861
 0 0.361278
 0 0.361586
 0 0.349966
 0 0.362718
 0 0.307752
 0 0.376163
 0 0.380834
 0 0.365054
 0 0.327208
 0 0.367376
 0 0.382518
 0 0.316271
 0 0.346886
 0 0.343311
 0 0.370542
 0 0.295487
 0 0.386773
 0 0.379791
 0 0.418644
 0 0.348998
 0 0.368811
 0 0.320258
 0 0.368733
 0 0.351608
 0 0.333918
 0 0.374167
 0 0.352925
 0 0.384467
 0 0.33359
 0 0.278813
 0 0.34629
 0 0.352854
 0 0.348087
 0 0.378242
 0 0.342362
 0 0.326869
 0 0.347262
 0 0.370254
 0 0.39977
 0 0.342512
 0 0.304073
 0 0.385814
 0 0.339744
 0 0.369525
 0 0.37818
 0 0.347461
 0 0.34872
 0 0.364157
 0 0.375312
 0 0.348393
 0 0.340449
 0 0.330443
 0 0.304279
 0 0.342961
 0 0.33526
 0 0.346723
 0 0.36103
 0 0.345911
 0 0.371951
 0 0.339959
 0 0.314098
 0 0.377281
 0 0.354631
 0 0.350217
 0 0.351975
 0 0.375766
 0 0.387681
 0 0.392498
 0 0.363818
 0 0.335831
 0 0.363072
 0 0.383017
 0 0.314343
 0 0.321475
 0 0.35847
 0 0.374239
 0 0.335717
 0 0.359635
 0 0.361079
 0 0.298121
 0 0.332967
 0 0.34688
 0 0.355825
 0 0.328284
 0 0.353766
 0 0.338496
 0 0.347121
 0 0.342021
 0 0.324027
 0 0.354671
 0 0.317958
 0 0.337695
 0 0.382405
 0 0.373419
 0 0.318095
 0 0.395768
 0 0.364815
 0 0.368616
 0 0.357683
 0 0.344867
 0 0.361483
 0 0.3869
 0 0.33557
 0 0.336816
 0 0.367228
 0 0.353559
 0 0.379529
 0 0.366533
 0 0.3522
 0 0.360145
 0 0.370441
 0 0.396891
 0 0.340733
 0 0.396839
 0 0.386107
 0 0.360694
 0 0.351107
 0 0.361243
 0 0.347834
 0 0.376631
 0 0.317962
 0 0.343287
 0 0.353037
 0 0.351731
 0 0.375889
 0 0.3862
 0 0.383668
 0 0.354073
 0 0.37476
 0 0.367867
 0 0.357514
 0 0.373171
 0 0.355578
 0 0.337559
 0 0.368793
 0 0.398272
 0 0.388997
 0 0.326693
 0 0.409647
 0 0.391195
 0 0.364964
 0 0.317129
 0 0.389881
 0 0.335393
 0 0.359974
 0 0.373904
 0 0.381595
 0 0.311612
 0 0.387921
 0 0.359412
 0 0.345638
 0 0.341628
 0 0.379683
 0 0.368432
 0 0.355809
 0 0.349118
 0 0.363778
 0 0.326981
 0 0.335025
 0 0.330164
 0 0.359044
 0 0.358025
 0 0.352841
 0 0.343373
 0 0.362498
 0 0.368681
 0 0.383161
 0 0.377317
 0 0.385805
 0 0.35173
 0 0.356039
 0 0.367773
 0 0.371129
 0 0.368405
 0 0.361763
 0 0.378309
 0 0.364134
 0 0.340008
 0 0.376393
 0 0.341774
 0 0.360925
 0 0.342767
 0 0.328067
 0 0.420376
 0 0.3669
 0 0.314588
 0 0.40395
 0 0.346656
 0 0.375692
 0 0.35842
 0 0.334783
 0 0.392596
 0 0.35542
 0 0.29299
 0 0.353393
 0 0.347353
 0 0.379091
 0 0.352311
 0 0.355258
 0 0.341966
 0 0.33066
 0 0.392947
 0 0.360037
 0 0.34597
 0 0.379344
 0 0.379579
 0 0.379586
 0 0.377253
 0 0.341026
 0 0.380054
 0 0.386234
 0 0.378154
 0 0.289847
 0 0.371292
 0 0.383843
 0 0.364491
 0 0.338842
 0 0.381647
 0 0.34588
 0 0.321262
 0 0.36713
 0 0.356052
 0 0.302144
 0 0.347601
 0 0.361903
 0 0.355111
 0 0.358284
 0 0.359738
 0 0.334438
 0 0.350154
 0 0.393633
 0 0.371114
 0 0.355744
 0 0.328659
 0 0.307618
 0 0.353542
 0 0.379795
 0 0.355211
 0 0.336302
 0 0.361801
 0 0.359665
 0 0.359242
 0 0.338856
 0 0.340209
 0 0.389229
 0 0.293995
 0 0.39013
 0 0.352488
 0 0.364822
 0 0.360807
 0 0.343877
 0 0.340145
 0 0.291559
 0 0.355873
 0 0.329105
 0 0.364839
 0 0.359906
 0 0.351976
 0 0.359808
 0 0.405655
 0 0.340807
 0 0.375198
 0 0.360163
 0 0.386407
 0 0.377222
 0 0.366475
 0 0.360734
