603 1 0 0 1
 0 0.318372
 0 0.338172
 0 0.34177
 0 0.326633
 0 0.364243
 0 0.370683
 0 0.333222
 0 0.345538
 0 0.318821
 0 0.355778
 0 0.377347
 0 0.355484
 0 0.316477
 0 0.357894
 0 0.357079
 0 0.361091
 0 0.317393
 0 0.339248
 0 0.325465
 0 0.348421
 0 0.30634
 0 0.360777
 0 0.379867
 0 0.351686
 0 0.309485
 0 0.340155
 0 0.328964
 0 0.386501
 0 0.342454
 0 0.373298
 0 0.313926
 0 0.344865
 0 0.323394
 0 0.321016
 0 0.321548
 0 0.37651
 0 0.322711
 0 0.338921
 0 0.336459
 0 0.342958
 0 0.364415
 0 0.328226
 0 0.356032
 0 0.331661
 0 0.355172
 0 0.322808
 0 0.338883
 0 0.334958
 0 0.349327
 0 0.316596
 0 0.30945
 0 0.379113
 0 0.335129
 0 0.295232
 0 0.403308
 0 0.360924
 0 0.385835
 0 0.353938
 0 0.300527
 0 0.341757
 0 0.334665
 0 0.354043
 0 0.357724
 0 0.34538
 0 0.3505
 0 0.333148
 0 0.32947
 0 0.324922
 0 0.348818
 0 0.349795
 0 0.326514
 0 0.36121
 0 0.348493
 0 0.346258
 0 0.392441
 0 0.308925
 0 0.355719
 0 0.323087
 0 0.377818
 0 0.361275
 0 0.334686
 0 0.321854
 0 0.358791
 0 0.333663
 0 0.311487
 0 0.35394
 0 0.32858
 0 0.37156
 0 0.326327
 0 0.338181
 0 0.365533
 0 0.345663
 0 0.346134
 0 0.381977
 0 0.352712
 0 0.325193
 0 0.335559
 0 0.367335
 0 0.358359
 0 0.352592
 0 0.339395
 0 0.337951
 0 0.337706
 0 0.323926
 0 0.357962
 0 0.350587
 0 0.357801
 0 0.359515
 0 0.32796
 0 0.338402
 0 0.319987
 0 0.293719
 0 0.304288
 0 0.326626
 0 0.337871
 0 0.348924
 0 0.322681
 0 0.418578
 0 0.36564
 0 0.338432
 0 0.330015
 0 0.344431
 0 0.357466
 0 0.335015
 0 0.348816
 0 0.333009
 0 0.377522
 0 0.352623
 0 0.336668
 0 0.337826
 0 0.351601
 0 0.312089
 0 0.352372
 0 0.357491
 0 0.333837
 0 0.330729
 0 0.319847
 0 0.318674
 0 0.324613
 0 0.384938
 0 0.365486
 0 0.335726
 0 0.330228
 0 0.368605
 0 0.340391
 0 0.351265
 0 0.354514
 0 0.366403
 0 0.319366
 0 0.347805
 0 0.348889
 0 0.340208
 0 0.299724
 0 0.37199
 0 0.343543
 0 0.336928
 0 0.367555
 0 0.370131
 0 0.331256
 0 0.338755
 0 0.360534
 0 0.338077
 0 0.339403
 0 0.311307
 0 0.337679
 0 0.330935
 0 0.359541
 0 0.33023
 0 0.345306
 0 0.342887
 0 0.374137
 0 0.340843
 0 0.318546
 0 0.351691
 0 0.331773
 0 0.334955
 0 0.36162
 0 0.330133
 0 0.324226
 0 0.315529
 0 0.337296
 0 0.349008
 0 0.32133
 0 0.345742
 0 0.345841
 0 0.346768
 0 0.277728
 0 0.340381
 0 0.374353
 0 0.362662
 0 0.323539
 0 0.341253
 0 0.316372
 0 0.314951
 0 0.308326
 0 0.358664
 0 0.353069
 0 0.305537
 0 0.349927
 0 0.347956
 0 0.368548
 0 0.35709
 0 0.329645
 0 0.355611
 0 0.323076
 0 0.3512
 0 0.332937
 0 0.332091
 0 0.361557
 0 0.331346
 0 0.370209
 0 0.360553
 0 0.285108
 0 0.365926
 0 0.369131
 0 0.359513
 0 0.360917
 0 0.355331
 0 0.367519
 0 0.320002
 0 0.320018
 0 0.32333
 0 0.336328
 0 0.368749
 0 0.329627
 0 0.332803
 0 0.335739
 0 0.342031
 0 0.325303
 0 0.363988
 0 0.308415
 0 0.373147
 0 0.346098
 0 0.31534
 0 0.342848
 0 0.342102
 0 0.326007
 0 0.341908
 0 0.336643
 0 0.337105
 0 0.304852
 0 0.333264
 0 0.320838
 0 0.355878
 0 0.293003
 0 0.398031
 0 0.377667
 0 0.335145
 0 0.313725
 0 0.323863
 0 0.369336
 0 0.358714
 0 0.354377
 0 0.392074
 0 0.332565
 0 0.326663
 0 0.332239
 0 0.34442
 0 0.340583
 0 0.332413
 0 0.359774
 0 0.332732
 0 0.315545
 0 0.332658
 0 0.360591
 0 0.31579
 0 0.340177
 0 0.364979
 0 0.342326
 0 0.353116
 0 0.377217
 0 0.341645
 0 0.343742
 0 0.357231
 0 0.37621
 0 0.338733
 0 0.305552
 0 0.324384
 0 0.33226
 0 0.301311
 0 0.384062
 0 0.346614
 0 0.311995
 0 0.336545
 0 0.352797
 0 0.342652
 0 0.380336
 0 0.339499
 0 0.349536
 0 0.35506
 0 0.367247
 0 0.31819
 0 0.339269
 0 0.338903
 0 0.350415
 0 0.331226
 0 0.344867
 0 0.369389
 0 0.327044
 0 0.244942
 0 0.346357
 0 0.388029
 0 0.338067
 0 0.312262
 0 0.339545
 0 0.365649
 0 0.359255
 0 0.322355
 0 0.322323
 0 0.347821
 0 0.326597
 0 0.352997
 0 0.347049
 0 0.377757
 0 0.312088
 0 0.373806
 0 0.359114
 0 0.333007
 0 0.330148
 0 0.351459
 0 0.325686
 0 0.34426
 0 0.356816
 0 0.364808
 0 0.359104
 0 0.333976
 0 0.306051
 0 0.349001
 0 0.35287
 0 0.350825
 0 0.344782
 0 0.368816
 0 0.362295
 0 0.348548
 0 0.355864
 0 0.360965
 0 0.353807
 0 0.352872
 0 0.363257
 0 0.356087
 0 0.296469
 0 0.36257
 0 0.364714
 0 0.354732
 0 0.329814
 0 0.362299
 0 0.37948
 0 0.304362
 0 0.352071
 0 0.340334
 0 0.332988
 0 0.297071
 0 0.381196
 0 0.34386
 0 0.398498
 0 0.334439
 0 0.355846
 0 0.323289
 0 0.342381
 0 0.333435
 0 0.338081
 0 0.35323
 0 0.334645
 0 0.373261
 0 0.311301
 0 0.302396
 0 0.33553
 0 0.353779
 0 0.332791
 0 0.359562
 0 0.351321
 0 0.331932
 0 0.345346
 0 0.36157
 0 0.366444
 0 0.3433
 0 0.311824
 0 0.376855
 0 0.312639
 0 0.351713
 0 0.340279
 0 0.335788
 0 0.34049
 0 0.354856
 0 0.351569
 0 0.322779
 0 0.334886
 0 0.318748
 0 0.299969
 0 0.339258
 0 0.314796
 0 0.32622
 0 0.356284
 0 0.338014
 0 0.348087
 0 0.310031
 0 0.300686
 0 0.358092
 0 0.3572
 0 0.335964
 0 0.333345
 0 0.384864
 0 0.368612
 0 0.371438
 0 0.354473
 0 0.322756
 0 0.362043
 0 0.367702
 0 0.308904
 0 0.319567
 0 0.347433
 0 0.353582
 0 0.332991
 0 0.360082
 0 0.345406
 0 0.324312
 0 0.334669
 0 0.323497
 0 0.349062
 0 0.344314
 0 0.347051
 0 0.313512
 0 0.339278
 0 0.333469
 0 0.3084
 0 0.341107
 0 0.321188
 0 0.337689
 0 0.383384
 0 0.359138
 0 0.315187
 0 0.364937
 0 0.369931
 0 0.364828
 0 0.33557
 0 0.340373
 0 0.339744
 0 0.365193
 0 0.314928
 0 0.323146
 0 0.37036
 0 0.338608
 0 0.375478
 0 0.35724
 0 0.342948
 0 0.356081
 0 0.360916
 0 0.377392
 0 0.335804
 0 0.370492
 0 0.370873
 0 0.354485
 0 0.326963
 0 0.348492
 0 0.346058
 0 0.357167
 0 0.314841
 0 0.326228
 0 0.348755
 0 0.320191
 0 0.356104
 0 0.360832
 0 0.373428
 0 0.336257
 0 0.360406
 0 0.33524
 0 0.351298
 0 0.371622
 0 0.353223
 0 0.325721
 0 0.344362
 0 0.404562
 0 0.387762
 0 0.297793
 0 0.38841
 0 0.366937
 0 0.35615
 0 0.31759
 0 0.340739
 0 0.319513
 0 0.356456
 0 0.372239
 0 0.365536
 0 0.309786
 0 0.362737
 0 0.347791
 0 0.330854
 0 0.337941
 0 0.362446
 0 0.349654
 0 0.350501
 0 0.33996
 0 0.351799
 0 0.31896
 0 0.329116
 0 0.33249
 0 0.348957
 0 0.349611
 0 0.336103
 0 0.331803
 0 0.361993
 0 0.359101
 0 0.364869
 0 0.364216
 0 0.360825
 0 0.329093
 0 0.34432
 0 0.364315
 0 0.361435
 0 0.350461
 0 0.342834
 0 0.354286
 0 0.352664
 0 0.337099
 0 0.364703
 0 0.334845
 0 0.348763
 0 0.340257
 0 0.303685
 0 0.398783
 0 0.353363
 0 0.327358
 0 0.390088
 0 0.333633
 0 0.359394
 0 0.358285
 0 0.330634
 0 0.378569
 0 0.344102
 0 0.275975
 0 0.323407
 0 0.333617
 0 0.366373
 0 0.338679
 0 0.348121
 0 0.340592
 0 0.307867
 0 0.375182
 0 0.344669
 0 0.34201
 0 0.364469
 0 0.369548
 0 0.362769
 0 0.374235
 0 0.320895
 0 0.363791
 0 0.383142
 0 0.36224
 0 0.293163
 0 0.367754
 0 0.366905
 0 0.349322
 0 0.327995
 0 0.374433
 0 0.336922
 0 0.315491
 0 0.349109
 0 0.34372
 0 0.307437
 0 0.332965
 0 0.352932
 0 0.34813
 0 0.352674
 0 0.336886
 0 0.31692
 0 0.326377
 0 0.395768
 0 0.343044
 0 0.350954
 0 0.32118
 0 0.297733
 0 0.332186
 0 0.366314
 0 0.358749
 0 0.328662
 0 0.342996
 0 0.352081
 0 0.359089
 0 0.343593
 0 0.336378
 0 0.366719
 0 0.300409
 0 0.379633
 0 0.346311
 0 0.34143
 0 0.354519
 0 0.333665
 0 0.340247
 0 0.303302
 0 0.335796
 0 0.345794
 0 0.34098
 0 0.355127
 0 0.340031
 0 0.34895
 0 0.403626
 0 0.340298
 0 0.363984
 0 0.343527
 0 0.352342
 0 0.3576
 0 0.342921
 0 0.34417
