603 1 0 0 1
 0 0.369919
 0 0.438244
 0 0.37681
 0 0.388993
 0 0.401727
 0 0.428113
 0 0.410237
 0 0.364858
 0 0.371795
 0 0.396446
 0 0.490888
 0 0.405236
 0 0.373247
 0 0.447041
 0 0.375598
 0 0.358889
 0 0.317975
 0 0.373213
 0 0.349993
 0 0.416303
 0 0.319252
 0 0.414209
 0 0.365504
 0 0.395147
 0 0.330145
 0 0.327239
 0 0.353104
 0 0.389226
 0 0.430612
 0 0.396051
 0 0.329937
 0 0.395304
 0 0.396207
 0 0.317073
 0 0.370995
 0 0.405798
 0 0.390028
 0 0.358647
 0 0.369418
 0 0.331926
 0 0.346753
 0 0.346962
 0 0.404203
 0 0.358553
 0 0.423047
 0 0.304226
 0 0.362034
 0 0.352272
 0 0.378199
 0 0.356639
 0 0.405706
 0 0.436337
 0 0.384014
 0 0.402512
 0 0.448157
 0 0.373607
 0 0.388962
 0 0.375925
 0 0.355719
 0 0.363111
 0 0.419136
 0 0.361001
 0 0.389018
 0 0.377761
 0 0.366768
 0 0.370822
 0 0.361771
 0 0.372625
 0 0.421145
 0 0.372247
 0 0.384714
 0 0.407847
 0 0.331478
 0 0.410173
 0 0.426395
 0 0.325049
 0 0.348131
 0 0.337199
 0 0.424101
 0 0.409467
 0 0.344128
 0 0.408551
 0 0.368989
 0 0.385151
 0 0.334521
 0 0.455539
 0 0.374316
 0 0.387185
 0 0.377178
 0 0.349692
 0 0.391169
 0 0.39095
 0 0.327024
 0 0.396962
 0 0.395646
 0 0.366829
 0 0.325691
 0 0.346691
 0 0.395995
 0 0.37011
 0 0.365979
 0 0.378997
 0 0.312056
 0 0.367848
 0 0.439875
 0 0.409432
 0 0.396284
 0 0.392007
 0 0.385881
 0 0.335692
 0 0.423396
 0 0.279904
 0 0.379078
 0 0.393063
 0 0.312552
 0 0.373519
 0 0.3762
 0 0.454192
 0 0.375909
 0 0.378494
 0 0.355123
 0 0.424822
 0 0.387765
 0 0.411062
 0 0.370548
 0 0.352507
 0 0.407483
 0 0.371601
 0 0.353842
 0 0.355286
 0 0.407665
 0 0.347117
 0 0.34927
 0 0.372202
 0 0.343808
 0 0.391045
 0 0.365061
 0 0.434614
 0 0.382322
 0 0.458508
 0 0.36336
 0 0.323875
 0 0.330801
 0 0.43314
 0 0.375484
 0 0.403286
 0 0.346907
 0 0.367565
 0 0.372143
 0 0.458905
 0 0.406782
 0 0.342032
 0 0.340972
 0 0.355645
 0 0.383149
 0 0.388441
 0 0.378789
 0 0.47061
 0 0.383285
 0 0.388767
 0 0.414687
 0 0.360464
 0 0.351003
 0 0.343355
 0 0.390535
 0 0.392188
 0 0.377447
 0 0.338338
 0 0.417632
 0 0.356504
 0 0.376221
 0 0.37888
 0 0.350854
 0 0.439259
 0 0.364019
 0 0.395861
 0 0.422544
 0 0.384472
 0 0.353655
 0 0.330123
 0 0.384149
 0 0.406031
 0 0.385214
 0 0.346767
 0 0.356859
 0 0.380718
 0 0.275671
 0 0.310058
 0 0.37775
 0 0.391672
 0 0.360639
 0 0.417681
 0 0.325563
 0 0.356119
 0 0.375286
 0 0.412969
 0 0.364913
 0 0.327678
 0 0.341781
 0 0.299567
 0 0.419995
 0 0.403852
 0 0.370692
 0 0.277437
 0 0.365467
 0 0.418029
 0 0.364219
 0 0.408417
 0 0.374977
 0 0.374051
 0 0.402327
 0 0.382125
 0 0.348625
 0 0.37736
 0 0.401546
 0 0.364797
 0 0.415232
 0 0.371939
 0 0.366735
 0 0.401227
 0 0.365949
 0 0.368445
 0 0.388248
 0 0.395326
 0 0.36278
 0 0.392995
 0 0.38891
 0 0.408309
 0 0.360164
 0 0.392995
 0 0.283806
 0 0.416277
 0 0.368707
 0 0.304142
 0 0.394044
 0 0.385319
 0 0.32361
 0 0.396093
 0 0.340189
 0 0.363427
 0 0.38288
 0 0.392081
 0 0.388663
 0 0.405008
 0 0.357028
 0 0.475144
 0 0.42632
 0 0.320166
 0 0.346613
 0 0.360024
 0 0.355261
 0 0.351547
 0 0.380398
 0 0.385419
 0 0.367753
 0 0.367775
 0 0.346215
 0 0.349784
 0 0.377582
 0 0.353123
 0 0.410271
 0 0.383774
 0 0.378065
 0 0.340565
 0 0.411815
 0 0.366347
 0 0.354838
 0 0.41912
 0 0.361698
 0 0.443871
 0 0.385755
 0 0.355196
 0 0.369563
 0 0.384614
 0 0.398447
 0 0.424191
 0 0.322058
 0 0.262904
 0 0.371825
 0 0.343136
 0 0.427161
 0 0.393649
 0 0.351348
 0 0.392113
 0 0.415225
 0 0.370061
 0 0.427859
 0 0.364448
 0 0.33581
 0 0.417259
 0 0.392997
 0 0.343465
 0 0.337254
 0 0.354111
 0 0.365919
 0 0.363941
 0 0.388973
 0 0.389217
 0 0.362089
 0 0.378542
 0 0.378098
 0 0.395428
 0 0.332347
 0 0.335448
 0 0.334363
 0 0.379558
 0 0.448994
 0 0.368363
 0 0.380344
 0 0.403699
 0 0.362618
 0 0.368526
 0 0.338674
 0 0.414781
 0 0.394034
 0 0.389601
 0 0.4354
 0 0.333334
 0 0.389132
 0 0.374382
 0 0.383283
 0 0.355199
 0 0.394268
 0 0.363119
 0 0.401632
 0 0.354447
 0 0.378629
 0 0.356007
 0 0.385755
 0 0.372111
 0 0.356399
 0 0.413383
 0 0.401262
 0 0.313832
 0 0.369011
 0 0.358163
 0 0.413783
 0 0.3685
 0 0.392052
 0 0.406546
 0 0.357361
 0 0.40685
 0 0.367015
 0 0.380754
 0 0.337163
 0 0.349986
 0 0.413432
 0 0.335471
 0 0.326601
 0 0.321299
 0 0.443211
 0 0.294613
 0 0.422529
 0 0.402012
 0 0.43922
 0 0.359382
 0 0.376469
 0 0.376374
 0 0.383399
 0 0.321827
 0 0.38259
 0 0.407154
 0 0.297553
 0 0.400562
 0 0.313075
 0 0.327765
 0 0.335619
 0 0.371775
 0 0.355082
 0 0.441895
 0 0.389674
 0 0.383265
 0 0.29264
 0 0.387676
 0 0.380639
 0 0.364639
 0 0.333951
 0 0.441974
 0 0.348159
 0 0.427794
 0 0.387128
 0 0.364435
 0 0.358748
 0 0.384928
 0 0.325546
 0 0.344902
 0 0.418837
 0 0.380106
 0 0.294342
 0 0.395352
 0 0.329355
 0 0.317645
 0 0.39009
 0 0.401891
 0 0.380086
 0 0.367811
 0 0.315357
 0 0.363844
 0 0.390513
 0 0.352824
 0 0.39759
 0 0.417579
 0 0.397196
 0 0.375965
 0 0.367398
 0 0.338814
 0 0.356669
 0 0.436688
 0 0.402028
 0 0.336484
 0 0.365864
 0 0.351883
 0 0.370111
 0 0.339099
 0 0.371332
 0 0.382765
 0 0.392805
 0 0.359803
 0 0.380654
 0 0.328889
 0 0.371542
 0 0.394184
 0 0.373115
 0 0.356118
 0 0.36288
 0 0.392279
 0 0.317164
 0 0.356522
 0 0.418086
 0 0.415607
 0 0.349218
 0 0.362781
 0 0.399546
 0 0.388027
 0 0.429902
 0 0.353018
 0 0.35993
 0 0.406721
 0 0.344166
 0 0.38318
 0 0.379945
 0 0.385931
 0 0.411973
 0 0.427949
 0 0.326618
 0 0.34781
 0 0.450946
 0 0.446842
 0 0.376543
 0 0.461866
 0 0.416458
 0 0.352862
 0 0.334006
 0 0.3658
 0 0.381612
 0 0.413222
 0 0.328236
 0 0.410942
 0 0.384102
 0 0.367603
 0 0.444893
 0 0.464273
 0 0.368855
 0 0.353137
 0 0.407591
 0 0.443819
 0 0.357991
 0 0.393667
 0 0.337191
 0 0.345956
 0 0.384045
 0 0.453849
 0 0.429496
 0 0.356238
 0 0.411029
 0 0.360075
 0 0.372791
 0 0.321257
 0 0.411272
 0 0.322767
 0 0.456653
 0 0.422133
 0 0.430799
 0 0.302194
 0 0.366796
 0 0.354098
 0 0.38489
 0 0.388032
 0 0.376437
 0 0.411585
 0 0.325776
 0 0.383572
 0 0.428046
 0 0.349801
 0 0.335937
 0 0.351115
 0 0.393706
 0 0.382321
 0 0.319806
 0 0.398098
 0 0.338009
 0 0.42058
 0 0.403805
 0 0.417394
 0 0.440023
 0 0.305165
 0 0.400592
 0 0.363944
 0 0.319256
 0 0.340471
 0 0.371873
 0 0.390007
 0 0.401674
 0 0.399636
 0 0.323593
 0 0.358364
 0 0.415989
 0 0.382845
 0 0.331584
 0 0.409474
 0 0.34391
 0 0.278978
 0 0.447303
 0 0.38662
 0 0.422204
 0 0.35557
 0 0.321628
 0 0.413606
 0 0.412955
 0 0.295562
 0 0.393908
 0 0.354709
 0 0.455165
 0 0.40163
 0 0.354442
 0 0.41915
 0 0.336146
 0 0.403098
 0 0.371401
 0 0.381841
 0 0.370886
 0 0.394464
 0 0.414227
 0 0.409601
 0 0.331066
 0 0.350102
 0 0.422779
 0 0.392791
 0 0.27066
 0 0.402244
 0 0.419921
 0 0.330941
 0 0.332799
 0 0.419911
 0 0.345858
 0 0.316065
 0 0.407747
 0 0.362874
 0 0.352953
 0 0.373802
 0 0.425318
 0 0.371205
 0 0.385424
 0 0.428457
 0 0.328194
 0 0.400384
 0 0.344026
 0 0.418097
 0 0.353494
 0 0.354348
 0 0.383768
 0 0.479235
 0 0.429244
 0 0.406235
 0 0.341441
 0 0.378446
 0 0.36057
 0 0.396399
 0 0.309029
 0 0.346618
 0 0.401433
 0 0.347528
 0 0.382833
 0 0.390041
 0 0.418975
 0 0.338171
 0 0.391951
 0 0.353471
 0 0.329889
 0 0.368649
 0 0.377888
 0 0.431639
 0 0.420748
 0 0.345231
 0 0.392221
 0 0.433286
 0 0.398676
 0 0.391561
 0 0.339058
 0 0.406925
 0 0.36224
 0 0.349199
 0 0.433986
