553 1 0 0 1
 0 0.253902
 0 0.249656
 0 0.292122
 0 0.24983
 0 0.285972
 0 0.255904
 0 0.305129
 0 0.267957
 0 0.264389
 0 0.276104
 0 0.289418
 0 0.295487
 0 0.241306
 0 0.269781
 0 0.246873
 0 0.256822
 0 0.27174
 0 0.263686
 0 0.288391
 0 0.273788
 0 0.265993
 0 0.281426
 0 0.287899
 0 0.238178
 0 0.270428
 0 0.254433
 0 0.256836
 0 0.261647
 0 0.271324
 0 0.276414
 0 0.288732
 0 0.265822
 0 0.256058
 0 0.312596
 0 0.279841
 0 0.289603
 0 0.280987
 0 0.260183
 0 0.263207
 0 0.265517
 0 0.255469
 0 0.28589
 0 0.263477
 0 0.264726
 0 0.260108
 0 0.255246
 0 0.287748
 0 0.243063
 0 0.265433
 0 0.25954
 0 0.268832
 0 0.265735
 0 0.293976
 0 0.249092
 0 0.255419
 0 0.281948
 0 0.287505
 0 0.259686
 0 0.266433
 0 0.278943
 0 0.278901
 0 0.264926
 0 0.27493
 0 0.286865
 0 0.286431
 0 0.272271
 0 0.233147
 0 0.243446
 0 0.268025
 0 0.274446
 0 0.285501
 0 0.291332
 0 0.26541
 0 0.248552
 0 0.267236
 0 0.279918
 0 0.245835
 0 0.271271
 0 0.291708
 0 0.281447
 0 0.278839
 0 0.271287
 0 0.274375
 0 0.29692
 0 0.244686
 0 0.245345
 0 0.270257
 0 0.245929
 0 0.263639
 0 0.25057
 0 0.271812
 0 0.257407
 0 0.278424
 0 0.279748
 0 0.255253
 0 0.255061
 0 0.207762
 0 0.269897
 0 0.260179
 0 0.250723
 0 0.279066
 0 0.269063
 0 0.256351
 0 0.242856
 0 0.261075
 0 0.276998
 0 0.244686
 0 0.26624
 0 0.261682
 0 0.283604
 0 0.253974
 0 0.254298
 0 0.246777
 0 0.235202
 0 0.263748
 0 0.255767
 0 0.241106
 0 0.262801
 0 0.273765
 0 0.248692
 0 0.175903
 0 0.250762
 0 0.260494
 0 0.274179
 0 0.225683
 0 0.261717
 0 0.272331
 0 0.269943
 0 0.264486
 0 0.266343
 0 0.244033
 0 0.259143
 0 0.244659
 0 0.267527
 0 0.226325
 0 0.236949
 0 0.277855
 0 0.259849
 0 0.25264
 0 0.280503
 0 0.25079
 0 0.26942
 0 0.258995
 0 0.263595
 0 0.273831
 0 0.263017
 0 0.257367
 0 0.255231
 0 0.262137
 0 0.281869
 0 0.265039
 0 0.283558
 0 0.261785
 0 0.228752
 0 0.252711
 0 0.256661
 0 0.266859
 0 0.259782
 0 0.25455
 0 0.266799
 0 0.241312
 0 0.251796
 0 0.249093
 0 0.231917
 0 0.294952
 0 0.234921
 0 0.248603
 0 0.274104
 0 0.253755
 0 0.270105
 0 0.274059
 0 0.25689
 0 0.295375
 0 0.252534
 0 0.228852
 0 0.263229
 0 0.274964
 0 0.277148
 0 0.287623
 0 0.285829
 0 0.250295
 0 0.272368
 0 0.24371
 0 0.243518
 0 0.246902
 0 0.268708
 0 0.234239
 0 0.27179
 0 0.244813
 0 0.275105
 0 0.292345
 0 0.267471
 0 0.241855
 0 0.258035
 0 0.27038
 0 0.220599
 0 0.236934
 0 0.275971
 0 0.243297
 0 0.292055
 0 0.24476
 0 0.283391
 0 0.256098
 0 0.245018
 0 0.265412
 0 0.216999
 0 0.253309
 0 0.253068
 0 0.262037
 0 0.274705
 0 0.234835
 0 0.27854
 0 0.249894
 0 0.266874
 0 0.295823
 0 0.260179
 0 0.276911
 0 0.256231
 0 0.259536
 0 0.260035
 0 0.271986
 0 0.263572
 0 0.24726
 0 0.264694
 0 0.255138
 0 0.303219
 0 0.261911
 0 0.256616
 0 0.252703
 0 0.256141
 0 0.278133
 0 0.257808
 0 0.279469
 0 0.277039
 0 0.262833
 0 0.247689
 0 0.263385
 0 0.278001
 0 0.279208
 0 0.260998
 0 0.264402
 0 0.26874
 0 0.243146
 0 0.274664
 0 0.273063
 0 0.265527
 0 0.268999
 0 0.266029
 0 0.279061
 0 0.248935
 0 0.249233
 0 0.274887
 0 0.238248
 0 0.250055
 0 0.279045
 0 0.273063
 0 0.252508
 0 0.232415
 0 0.268987
 0 0.271183
 0 0.258426
 0 0.263578
 0 0.245317
 0 0.246806
 0 0.255705
 0 0.266838
 0 0.274676
 0 0.269398
 0 0.266493
 0 0.255418
 0 0.276947
 0 0.268808
 0 0.270364
 0 0.276613
 0 0.26161
 0 0.283581
 0 0.251571
 0 0.250697
 0 0.272076
 0 0.241578
 0 0.26938
 0 0.257849
 0 0.270725
 0 0.269937
 0 0.263383
 0 0.26808
 0 0.272416
 0 0.251339
 0 0.234179
 0 0.239933
 0 0.27558
 0 0.282284
 0 0.272439
 0 0.247244
 0 0.267576
 0 0.290939
 0 0.284061
 0 0.289125
 0 0.285346
 0 0.253935
 0 0.262902
 0 0.263068
 0 0.262895
 0 0.281989
 0 0.264605
 0 0.241344
 0 0.283421
 0 0.255815
 0 0.286011
 0 0.246686
 0 0.28581
 0 0.258794
 0 0.285563
 0 0.267854
 0 0.254318
 0 0.268939
 0 0.278949
 0 0.270251
 0 0.286681
 0 0.256882
 0 0.267005
 0 0.238986
 0 0.268281
 0 0.28458
 0 0.265194
 0 0.307389
 0 0.290337
 0 0.286912
 0 0.256127
 0 0.277778
 0 0.313275
 0 0.23892
 0 0.278956
 0 0.271289
 0 0.277478
 0 0.257676
 0 0.277496
 0 0.261895
 0 0.282668
 0 0.271758
 0 0.267939
 0 0.2799
 0 0.282724
 0 0.286663
 0 0.277456
 0 0.275591
 0 0.270785
 0 0.273857
 0 0.254466
 0 0.255236
 0 0.281316
 0 0.26992
 0 0.271874
 0 0.273124
 0 0.286393
 0 0.26688
 0 0.295448
 0 0.278795
 0 0.284578
 0 0.262858
 0 0.257558
 0 0.263151
 0 0.277744
 0 0.272545
 0 0.249753
 0 0.261962
 0 0.231844
 0 0.271503
 0 0.277484
 0 0.290897
 0 0.266682
 0 0.266747
 0 0.275065
 0 0.265197
 0 0.28112
 0 0.260076
 0 0.252394
 0 0.271214
 0 0.253442
 0 0.269116
 0 0.282065
 0 0.269651
 0 0.285016
 0 0.267641
 0 0.266835
 0 0.258902
 0 0.249514
 0 0.286038
 0 0.27959
 0 0.258525
 0 0.269827
 0 0.267547
 0 0.272263
 0 0.281572
 0 0.218197
 0 0.260577
 0 0.270031
 0 0.289438
 0 0.247541
 0 0.266646
 0 0.277621
 0 0.248978
 0 0.302845
 0 0.281985
 0 0.267788
 0 0.286319
 0 0.265897
 0 0.278975
 0 0.27782
 0 0.273355
 0 0.241362
 0 0.248127
 0 0.278564
 0 0.253845
 0 0.245088
 0 0.236672
 0 0.274095
 0 0.244434
 0 0.30244
 0 0.27052
 0 0.28452
 0 0.265907
 0 0.28975
 0 0.302367
 0 0.278777
 0 0.260964
 0 0.266451
 0 0.265849
 0 0.282465
 0 0.258729
 0 0.252992
 0 0.260782
 0 0.272233
 0 0.265178
 0 0.265059
 0 0.282441
 0 0.251284
 0 0.270346
 0 0.256954
 0 0.276967
 0 0.261678
 0 0.272308
 0 0.278667
 0 0.259291
 0 0.277973
 0 0.237998
 0 0.263564
 0 0.263854
 0 0.252978
 0 0.266924
 0 0.239335
 0 0.279184
 0 0.249689
 0 0.277079
 0 0.264201
 0 0.283863
 0 0.258717
 0 0.272579
 0 0.287123
 0 0.218817
 0 0.286052
 0 0.254532
 0 0.264124
 0 0.267169
 0 0.263805
 0 0.258476
 0 0.261719
 0 0.274427
 0 0.259225
 0 0.295523
 0 0.253887
 0 0.272182
 0 0.24523
 0 0.244311
 0 0.276981
 0 0.256104
 0 0.294612
 0 0.267363
 0 0.264186
 0 0.256927
 0 0.269957
 0 0.280908
 0 0.271534
 0 0.254561
 0 0.258952
 0 0.266946
 0 0.275663
 0 0.292542
 0 0.267088
 0 0.273447
 0 0.287866
 0 0.277898
 0 0.243657
 0 0.264359
 0 0.251758
 0 0.270009
 0 0.283739
 0 0.273982
 0 0.283673
 0 0.267751
 0 0.255285
 0 0.257263
 0 0.29494
 0 0.27881
 0 0.251984
 0 0.278506
 0 0.286225
 0 0.291436
 0 0.277006
 0 0.277275
 0 0.298235
 0 0.250216
 0 0.255363
 0 0.262942
 0 0.245574
 0 0.279073
 0 0.263593
 0 0.260835
 0 0.274055
 0 0.274489
 0 0.230978
 0 0.261101
 0 0.278482
 0 0.253584
 0 0.261058
 0 0.233352
 0 0.255116
 0 0.279566
 0 0.245807
 0 0.279227
 0 0.228281
 0 0.257624
 0 0.245971
 0 0.24217
 0 0.250402
 0 0.270524
 0 0.286822
 0 0.254477
 0 0.261838
 0 0.262725
 0 0.285014
 0 0.284031
 0 0.294238
 0 0.281213
 0 0.26838
 0 0.264437
 0 0.283927
 0 0.263931
 0 0.255139
 0 0.243526
 0 0.263978
 0 0.248086
 0 0.278277
