553 1 0 0 1
 0 0.360757
 0 0.380345
 0 0.415554
 0 0.445417
 0 0.408246
 0 0.40126
 0 0.454048
 0 0.381195
 0 0.336883
 0 0.345783
 0 0.349267
 0 0.407046
 0 0.388563
 0 0.368914
 0 0.383158
 0 0.385315
 0 0.342425
 0 0.443903
 0 0.376336
 0 0.3915
 0 0.341138
 0 0.394731
 0 0.351611
 0 0.30746
 0 0.466155
 0 0.326628
 0 0.367437
 0 0.358049
 0 0.349077
 0 0.382091
 0 0.423246
 0 0.423806
 0 0.40662
 0 0.445236
 0 0.33269
 0 0.386236
 0 0.439741
 0 0.421596
 0 0.333157
 0 0.387281
 0 0.41403
 0 0.379507
 0 0.343469
 0 0.327637
 0 0.37314
 0 0.373805
 0 0.440641
 0 0.371733
 0 0.372365
 0 0.371371
 0 0.383655
 0 0.382702
 0 0.412534
 0 0.498942
 0 0.35966
 0 0.428732
 0 0.341092
 0 0.298071
 0 0.366541
 0 0.379325
 0 0.425046
 0 0.352761
 0 0.365685
 0 0.371729
 0 0.446949
 0 0.373539
 0 0.307692
 0 0.333929
 0 0.276478
 0 0.368185
 0 0.359676
 0 0.430625
 0 0.399698
 0 0.304955
 0 0.394903
 0 0.437414
 0 0.39125
 0 0.353241
 0 0.393821
 0 0.398264
 0 0.406817
 0 0.409885
 0 0.420779
 0 0.249869
 0 0.377118
 0 0.408874
 0 0.399679
 0 0.365042
 0 0.369032
 0 0.239028
 0 0.43318
 0 0.475437
 0 0.446293
 0 0.378859
 0 0.347411
 0 0.371295
 0 0.302683
 0 0.367241
 0 0.3629
 0 0.366339
 0 0.388185
 0 0.332369
 0 0.357923
 0 0.342594
 0 0.39097
 0 0.382287
 0 0.394516
 0 0.359743
 0 0.401942
 0 0.346134
 0 0.359554
 0 0.380986
 0 0.36122
 0 0.356524
 0 0.389301
 0 0.441291
 0 0.309607
 0 0.328815
 0 0.36942
 0 0.311302
 0 0.267199
 0 0.323936
 0 0.381246
 0 0.407695
 0 0.314047
 0 0.365034
 0 0.295659
 0 0.359844
 0 0.437374
 0 0.404503
 0 0.383589
 0 0.338568
 0 0.398125
 0 0.338691
 0 0.399328
 0 0.352797
 0 0.399062
 0 0.399002
 0 0.389368
 0 0.42696
 0 0.371485
 0 0.332355
 0 0.342301
 0 0.316418
 0 0.392363
 0 0.451984
 0 0.466655
 0 0.379362
 0 0.263227
 0 0.445073
 0 0.417502
 0 0.459128
 0 0.352768
 0 0.338039
 0 0.31458
 0 0.373615
 0 0.308218
 0 0.382237
 0 0.343286
 0 0.344516
 0 0.41005
 0 0.381357
 0 0.320252
 0 0.366584
 0 0.355495
 0 0.295982
 0 0.342969
 0 0.384379
 0 0.399122
 0 0.406408
 0 0.393886
 0 0.345851
 0 0.357599
 0 0.326773
 0 0.354388
 0 0.324226
 0 0.39584
 0 0.349334
 0 0.325995
 0 0.303001
 0 0.353164
 0 0.373255
 0 0.387277
 0 0.328738
 0 0.373574
 0 0.335286
 0 0.359758
 0 0.349425
 0 0.29794
 0 0.411659
 0 0.356079
 0 0.307196
 0 0.414762
 0 0.416299
 0 0.354114
 0 0.315622
 0 0.404767
 0 0.325757
 0 0.334212
 0 0.41072
 0 0.373383
 0 0.356473
 0 0.304539
 0 0.35354
 0 0.391134
 0 0.38532
 0 0.434406
 0 0.38671
 0 0.445933
 0 0.375346
 0 0.305762
 0 0.350922
 0 0.310266
 0 0.357835
 0 0.363574
 0 0.456917
 0 0.448165
 0 0.33946
 0 0.438909
 0 0.339176
 0 0.249175
 0 0.347501
 0 0.317081
 0 0.376612
 0 0.44071
 0 0.363472
 0 0.277858
 0 0.403889
 0 0.390124
 0 0.322682
 0 0.45349
 0 0.415694
 0 0.382335
 0 0.440656
 0 0.302343
 0 0.351661
 0 0.32639
 0 0.336232
 0 0.41599
 0 0.404533
 0 0.485571
 0 0.307652
 0 0.332944
 0 0.373284
 0 0.407829
 0 0.434119
 0 0.397222
 0 0.330481
 0 0.342978
 0 0.358463
 0 0.370188
 0 0.447212
 0 0.316469
 0 0.371353
 0 0.36874
 0 0.33381
 0 0.421347
 0 0.346405
 0 0.413471
 0 0.431367
 0 0.338298
 0 0.342875
 0 0.393889
 0 0.347827
 0 0.462674
 0 0.382983
 0 0.36165
 0 0.387583
 0 0.334769
 0 0.376904
 0 0.438859
 0 0.343976
 0 0.389649
 0 0.404716
 0 0.356773
 0 0.354857
 0 0.405275
 0 0.319837
 0 0.351323
 0 0.307
 0 0.350104
 0 0.353928
 0 0.399964
 0 0.3436
 0 0.351999
 0 0.372973
 0 0.329559
 0 0.379988
 0 0.36045
 0 0.418123
 0 0.527615
 0 0.310245
 0 0.322377
 0 0.328088
 0 0.345606
 0 0.39727
 0 0.32874
 0 0.415145
 0 0.389665
 0 0.356427
 0 0.372041
 0 0.300608
 0 0.294647
 0 0.447863
 0 0.30047
 0 0.383319
 0 0.420217
 0 0.302603
 0 0.431702
 0 0.432659
 0 0.341398
 0 0.35124
 0 0.442465
 0 0.351316
 0 0.288964
 0 0.40511
 0 0.419849
 0 0.401387
 0 0.445086
 0 0.364947
 0 0.275671
 0 0.383883
 0 0.372636
 0 0.386915
 0 0.401676
 0 0.406583
 0 0.328131
 0 0.410946
 0 0.307783
 0 0.350776
 0 0.482129
 0 0.280414
 0 0.412623
 0 0.348955
 0 0.361608
 0 0.34395
 0 0.355122
 0 0.401278
 0 0.420824
 0 0.387111
 0 0.460861
 0 0.315719
 0 0.37858
 0 0.440279
 0 0.297215
 0 0.338919
 0 0.405951
 0 0.315425
 0 0.467501
 0 0.437101
 0 0.416965
 0 0.407673
 0 0.367538
 0 0.438293
 0 0.49524
 0 0.43245
 0 0.421429
 0 0.33214
 0 0.435237
 0 0.323045
 0 0.356666
 0 0.341084
 0 0.392271
 0 0.3551
 0 0.321885
 0 0.300957
 0 0.364048
 0 0.382142
 0 0.353643
 0 0.391234
 0 0.351272
 0 0.404885
 0 0.378008
 0 0.316515
 0 0.445862
 0 0.376146
 0 0.353215
 0 0.295048
 0 0.385998
 0 0.41863
 0 0.396433
 0 0.375417
 0 0.421549
 0 0.404164
 0 0.372376
 0 0.352028
 0 0.378136
 0 0.39971
 0 0.379218
 0 0.383081
 0 0.435348
 0 0.425676
 0 0.452635
 0 0.384649
 0 0.322104
 0 0.35024
 0 0.292354
 0 0.470154
 0 0.430697
 0 0.352819
 0 0.367134
 0 0.246718
 0 0.406942
 0 0.400634
 0 0.473228
 0 0.330626
 0 0.356767
 0 0.44625
 0 0.422521
 0 0.392086
 0 0.312155
 0 0.345529
 0 0.353723
 0 0.393344
 0 0.326439
 0 0.275241
 0 0.361386
 0 0.368131
 0 0.377608
 0 0.398222
 0 0.346684
 0 0.364843
 0 0.384646
 0 0.41174
 0 0.379243
 0 0.387455
 0 0.360214
 0 0.328862
 0 0.415354
 0 0.441688
 0 0.337819
 0 0.41283
 0 0.395781
 0 0.311547
 0 0.375077
 0 0.37894
 0 0.322014
 0 0.359082
 0 0.364422
 0 0.374915
 0 0.402379
 0 0.379875
 0 0.392454
 0 0.357244
 0 0.343979
 0 0.413016
 0 0.429427
 0 0.369368
 0 0.303823
 0 0.311772
 0 0.34035
 0 0.387026
 0 0.41212
 0 0.377674
 0 0.39768
 0 0.412153
 0 0.46748
 0 0.47226
 0 0.461001
 0 0.379364
 0 0.399171
 0 0.346717
 0 0.379537
 0 0.342615
 0 0.419601
 0 0.360614
 0 0.297691
 0 0.391946
 0 0.316589
 0 0.465856
 0 0.457757
 0 0.422492
 0 0.367194
 0 0.276762
 0 0.3714
 0 0.367239
 0 0.437079
 0 0.44321
 0 0.227312
 0 0.390995
 0 0.348093
 0 0.357597
 0 0.343207
 0 0.358689
 0 0.399344
 0 0.397486
 0 0.365807
 0 0.32801
 0 0.386788
 0 0.33022
 0 0.367111
 0 0.382592
 0 0.371269
 0 0.38536
 0 0.378366
 0 0.30979
 0 0.362011
 0 0.385711
 0 0.395203
 0 0.402615
 0 0.383962
 0 0.271349
 0 0.331945
 0 0.405396
 0 0.406574
 0 0.378527
 0 0.358077
 0 0.360903
 0 0.452538
 0 0.409856
 0 0.341631
 0 0.390351
 0 0.288992
 0 0.362275
 0 0.367137
 0 0.402761
 0 0.426292
 0 0.361349
 0 0.462741
 0 0.396834
 0 0.289014
 0 0.342619
 0 0.467121
 0 0.340825
 0 0.332057
 0 0.35654
 0 0.31898
 0 0.412503
 0 0.303377
 0 0.373989
 0 0.33086
 0 0.407421
 0 0.315503
 0 0.461941
 0 0.421432
 0 0.372609
 0 0.337952
 0 0.338342
 0 0.411988
 0 0.367441
 0 0.398559
 0 0.427222
 0 0.338035
 0 0.382581
 0 0.314541
 0 0.345486
 0 0.385156
 0 0.331843
 0 0.391037
 0 0.386789
 0 0.437027
 0 0.278678
 0 0.351537
