603 1 0 0 1
 0 0.23504
 0 0.264664
 0 0.279536
 0 0.256141
 0 0.27617
 0 0.297715
 0 0.261626
 0 0.266899
 0 0.24456
 0 0.283594
 0 0.307066
 0 0.286931
 0 0.246495
 0 0.293761
 0 0.272388
 0 0.27581
 0 0.239984
 0 0.26745
 0 0.249032
 0 0.274859
 0 0.220174
 0 0.292049
 0 0.297723
 0 0.274479
 0 0.245599
 0 0.26069
 0 0.255728
 0 0.306818
 0 0.278268
 0 0.292582
 0 0.235521
 0 0.252068
 0 0.241366
 0 0.24888
 0 0.254893
 0 0.303358
 0 0.2551
 0 0.248586
 0 0.257383
 0 0.275684
 0 0.287071
 0 0.258315
 0 0.285998
 0 0.263076
 0 0.299982
 0 0.254389
 0 0.270586
 0 0.245692
 0 0.271294
 0 0.239013
 0 0.245273
 0 0.296484
 0 0.274022
 0 0.234585
 0 0.318821
 0 0.284652
 0 0.296196
 0 0.282463
 0 0.242163
 0 0.279465
 0 0.262673
 0 0.282314
 0 0.268189
 0 0.269034
 0 0.254194
 0 0.26429
 0 0.255798
 0 0.256902
 0 0.261674
 0 0.258845
 0 0.243833
 0 0.28695
 0 0.27888
 0 0.268006
 0 0.314472
 0 0.226794
 0 0.267869
 0 0.251101
 0 0.295492
 0 0.274157
 0 0.250158
 0 0.246921
 0 0.271625
 0 0.278078
 0 0.244831
 0 0.288996
 0 0.253304
 0 0.29966
 0 0.252187
 0 0.261765
 0 0.275335
 0 0.269153
 0 0.243112
 0 0.301963
 0 0.278512
 0 0.249057
 0 0.237589
 0 0.287737
 0 0.287176
 0 0.273983
 0 0.25092
 0 0.265567
 0 0.265898
 0 0.258737
 0 0.298047
 0 0.264456
 0 0.274165
 0 0.277213
 0 0.259607
 0 0.247689
 0 0.250866
 0 0.195147
 0 0.234866
 0 0.259752
 0 0.255371
 0 0.278029
 0 0.26026
 0 0.331596
 0 0.290286
 0 0.243211
 0 0.255572
 0 0.268283
 0 0.304583
 0 0.258647
 0 0.272598
 0 0.262883
 0 0.290345
 0 0.270582
 0 0.262167
 0 0.245769
 0 0.272224
 0 0.245678
 0 0.275149
 0 0.287322
 0 0.253685
 0 0.256614
 0 0.240529
 0 0.241877
 0 0.262373
 0 0.297635
 0 0.274506
 0 0.261602
 0 0.253009
 0 0.290698
 0 0.277739
 0 0.279844
 0 0.285584
 0 0.285474
 0 0.245437
 0 0.290211
 0 0.265484
 0 0.283014
 0 0.214754
 0 0.282481
 0 0.280712
 0 0.267081
 0 0.288149
 0 0.30111
 0 0.262384
 0 0.270354
 0 0.29085
 0 0.273464
 0 0.256089
 0 0.237563
 0 0.274354
 0 0.252144
 0 0.282257
 0 0.242364
 0 0.282268
 0 0.268782
 0 0.288308
 0 0.264735
 0 0.230368
 0 0.284103
 0 0.25543
 0 0.265979
 0 0.276848
 0 0.258388
 0 0.243364
 0 0.227349
 0 0.286523
 0 0.279822
 0 0.247083
 0 0.272706
 0 0.268874
 0 0.276355
 0 0.2187
 0 0.241877
 0 0.293192
 0 0.28426
 0 0.227375
 0 0.27204
 0 0.231224
 0 0.216931
 0 0.239141
 0 0.280219
 0 0.278482
 0 0.230725
 0 0.255813
 0 0.276871
 0 0.303997
 0 0.277957
 0 0.246934
 0 0.263522
 0 0.237936
 0 0.268245
 0 0.258881
 0 0.270385
 0 0.279843
 0 0.24312
 0 0.296647
 0 0.284484
 0 0.225716
 0 0.288962
 0 0.290263
 0 0.275944
 0 0.285923
 0 0.270571
 0 0.292058
 0 0.224325
 0 0.261431
 0 0.236468
 0 0.25762
 0 0.291041
 0 0.251548
 0 0.262252
 0 0.257709
 0 0.283613
 0 0.258913
 0 0.276515
 0 0.234259
 0 0.29266
 0 0.266746
 0 0.251401
 0 0.26913
 0 0.265363
 0 0.248527
 0 0.272426
 0 0.261802
 0 0.252066
 0 0.244208
 0 0.270464
 0 0.257553
 0 0.281284
 0 0.241069
 0 0.318571
 0 0.309703
 0 0.252527
 0 0.250252
 0 0.251476
 0 0.286614
 0 0.278291
 0 0.27317
 0 0.298016
 0 0.261939
 0 0.223981
 0 0.262263
 0 0.262791
 0 0.271125
 0 0.251185
 0 0.280252
 0 0.254726
 0 0.232499
 0 0.260673
 0 0.291979
 0 0.235658
 0 0.252193
 0 0.282508
 0 0.272647
 0 0.28623
 0 0.297681
 0 0.264159
 0 0.269011
 0 0.286481
 0 0.294005
 0 0.272737
 0 0.227569
 0 0.233281
 0 0.253483
 0 0.237465
 0 0.319089
 0 0.267793
 0 0.234484
 0 0.264393
 0 0.281539
 0 0.257623
 0 0.300243
 0 0.272491
 0 0.261591
 0 0.292926
 0 0.279984
 0 0.223765
 0 0.263976
 0 0.259298
 0 0.274424
 0 0.247963
 0 0.284035
 0 0.294967
 0 0.258773
 0 0.163729
 0 0.263646
 0 0.303445
 0 0.265213
 0 0.249803
 0 0.276634
 0 0.282103
 0 0.308196
 0 0.24505
 0 0.252826
 0 0.277014
 0 0.241635
 0 0.288617
 0 0.276282
 0 0.301955
 0 0.245482
 0 0.294641
 0 0.287141
 0 0.267862
 0 0.26359
 0 0.278087
 0 0.249918
 0 0.26768
 0 0.288104
 0 0.298312
 0 0.283082
 0 0.25764
 0 0.266109
 0 0.267122
 0 0.274562
 0 0.276668
 0 0.278556
 0 0.303382
 0 0.281718
 0 0.276348
 0 0.271289
 0 0.284247
 0 0.269396
 0 0.27391
 0 0.283704
 0 0.283522
 0 0.232717
 0 0.291192
 0 0.288437
 0 0.273286
 0 0.249425
 0 0.280529
 0 0.301765
 0 0.19395
 0 0.257393
 0 0.255824
 0 0.252597
 0 0.201735
 0 0.289615
 0 0.285837
 0 0.321368
 0 0.265398
 0 0.270932
 0 0.252972
 0 0.28458
 0 0.260757
 0 0.258606
 0 0.284258
 0 0.248229
 0 0.290638
 0 0.233903
 0 0.225857
 0 0.265085
 0 0.27797
 0 0.260468
 0 0.287071
 0 0.264378
 0 0.235144
 0 0.267836
 0 0.286589
 0 0.298053
 0 0.266803
 0 0.229658
 0 0.303492
 0 0.248021
 0 0.28908
 0 0.271975
 0 0.25827
 0 0.254596
 0 0.268202
 0 0.266467
 0 0.240075
 0 0.258113
 0 0.225579
 0 0.209209
 0 0.260418
 0 0.237618
 0 0.251558
 0 0.280885
 0 0.265357
 0 0.264299
 0 0.253064
 0 0.237153
 0 0.277958
 0 0.275984
 0 0.261887
 0 0.266606
 0 0.290168
 0 0.291282
 0 0.284503
 0 0.28213
 0 0.237144
 0 0.276095
 0 0.290652
 0 0.234974
 0 0.238008
 0 0.261214
 0 0.289588
 0 0.255296
 0 0.275662
 0 0.278391
 0 0.2452
 0 0.250196
 0 0.248644
 0 0.276513
 0 0.271754
 0 0.271745
 0 0.251811
 0 0.263717
 0 0.261864
 0 0.235923
 0 0.272624
 0 0.245852
 0 0.247521
 0 0.304172
 0 0.292228
 0 0.249938
 0 0.283982
 0 0.272781
 0 0.278333
 0 0.275932
 0 0.268003
 0 0.268472
 0 0.286284
 0 0.232761
 0 0.24178
 0 0.287524
 0 0.267864
 0 0.301869
 0 0.281065
 0 0.262615
 0 0.282302
 0 0.297835
 0 0.3116
 0 0.261357
 0 0.302129
 0 0.296658
 0 0.264364
 0 0.255774
 0 0.275802
 0 0.268865
 0 0.300393
 0 0.230051
 0 0.257253
 0 0.282169
 0 0.251857
 0 0.283486
 0 0.296706
 0 0.289564
 0 0.262666
 0 0.282161
 0 0.275741
 0 0.287152
 0 0.297769
 0 0.27329
 0 0.267534
 0 0.271616
 0 0.316589
 0 0.313759
 0 0.240494
 0 0.320195
 0 0.294591
 0 0.271746
 0 0.24131
 0 0.273147
 0 0.243313
 0 0.295593
 0 0.297267
 0 0.29822
 0 0.204295
 0 0.291325
 0 0.265948
 0 0.255895
 0 0.247773
 0 0.284849
 0 0.285893
 0 0.27608
 0 0.262736
 0 0.281743
 0 0.246125
 0 0.260299
 0 0.241507
 0 0.268732
 0 0.266087
 0 0.244814
 0 0.267368
 0 0.271673
 0 0.277488
 0 0.282479
 0 0.283061
 0 0.300924
 0 0.239006
 0 0.266427
 0 0.292097
 0 0.276848
 0 0.268329
 0 0.271867
 0 0.277514
 0 0.286437
 0 0.253343
 0 0.281087
 0 0.263012
 0 0.284229
 0 0.267071
 0 0.235523
 0 0.323394
 0 0.276416
 0 0.226888
 0 0.312106
 0 0.262082
 0 0.291311
 0 0.261569
 0 0.239171
 0 0.304091
 0 0.276437
 0 0.197932
 0 0.241362
 0 0.254174
 0 0.289694
 0 0.27415
 0 0.26381
 0 0.246085
 0 0.239877
 0 0.308313
 0 0.262483
 0 0.270492
 0 0.28948
 0 0.289
 0 0.28987
 0 0.296253
 0 0.235438
 0 0.276907
 0 0.299848
 0 0.29128
 0 0.23197
 0 0.286094
 0 0.309816
 0 0.270007
 0 0.244015
 0 0.289106
 0 0.257567
 0 0.238287
 0 0.285437
 0 0.266626
 0 0.21816
 0 0.269937
 0 0.295164
 0 0.266932
 0 0.265116
 0 0.275481
 0 0.238005
 0 0.261549
 0 0.291732
 0 0.283503
 0 0.278557
 0 0.241705
 0 0.230375
 0 0.248449
 0 0.29209
 0 0.255977
 0 0.248931
 0 0.273448
 0 0.281938
 0 0.284272
 0 0.269326
 0 0.260516
 0 0.292732
 0 0.227825
 0 0.302713
 0 0.263921
 0 0.275045
 0 0.268401
 0 0.24129
 0 0.25277
 0 0.214974
 0 0.266643
 0 0.240385
 0 0.280198
 0 0.286576
 0 0.264679
 0 0.277386
 0 0.329498
 0 0.256185
 0 0.291927
 0 0.257817
 0 0.291462
 0 0.274015
 0 0.271881
 0 0.278309
