553 1 0 0 1
 0 0.342278
 0 0.337364
 0 0.374436
 0 0.306967
 0 0.381926
 0 0.334223
 0 0.405826
 0 0.364442
 0 0.346455
 0 0.371962
 0 0.382158
 0 0.405549
 0 0.32162
 0 0.364129
 0 0.318226
 0 0.334833
 0 0.371738
 0 0.368156
 0 0.378583
 0 0.37209
 0 0.368947
 0 0.373417
 0 0.379164
 0 0.314841
 0 0.381141
 0 0.358101
 0 0.327255
 0 0.33861
 0 0.33225
 0 0.360446
 0 0.382598
 0 0.360734
 0 0.325284
 0 0.423678
 0 0.351125
 0 0.380159
 0 0.370098
 0 0.337265
 0 0.338175
 0 0.340034
 0 0.311933
 0 0.393536
 0 0.343928
 0 0.344045
 0 0.33298
 0 0.346455
 0 0.378113
 0 0.32223
 0 0.337793
 0 0.358874
 0 0.33062
 0 0.338531
 0 0.355032
 0 0.354327
 0 0.337803
 0 0.3382
 0 0.397541
 0 0.359863
 0 0.346954
 0 0.384733
 0 0.353445
 0 0.373806
 0 0.336176
 0 0.38676
 0 0.369568
 0 0.357139
 0 0.319942
 0 0.292075
 0 0.334327
 0 0.356588
 0 0.392237
 0 0.386533
 0 0.359542
 0 0.298016
 0 0.325531
 0 0.349824
 0 0.357713
 0 0.386966
 0 0.400432
 0 0.376067
 0 0.345668
 0 0.362662
 0 0.379369
 0 0.416662
 0 0.321217
 0 0.344402
 0 0.348638
 0 0.315761
 0 0.336108
 0 0.333663
 0 0.382718
 0 0.329215
 0 0.371597
 0 0.366397
 0 0.32216
 0 0.344199
 0 0.29197
 0 0.378222
 0 0.356674
 0 0.346777
 0 0.383314
 0 0.343791
 0 0.354575
 0 0.317155
 0 0.359031
 0 0.366404
 0 0.339316
 0 0.358732
 0 0.363555
 0 0.358567
 0 0.335231
 0 0.330688
 0 0.310021
 0 0.296085
 0 0.345948
 0 0.33549
 0 0.302281
 0 0.336197
 0 0.347825
 0 0.33154
 0 0.328514
 0 0.324988
 0 0.33304
 0 0.346593
 0 0.323055
 0 0.340096
 0 0.378486
 0 0.371159
 0 0.365767
 0 0.372744
 0 0.355265
 0 0.318546
 0 0.3495
 0 0.320785
 0 0.317918
 0 0.270808
 0 0.353955
 0 0.335328
 0 0.314986
 0 0.346182
 0 0.307245
 0 0.361198
 0 0.348318
 0 0.328801
 0 0.350163
 0 0.359289
 0 0.336982
 0 0.333144
 0 0.306708
 0 0.385596
 0 0.317399
 0 0.382479
 0 0.34139
 0 0.309651
 0 0.31278
 0 0.357363
 0 0.358401
 0 0.353422
 0 0.319783
 0 0.364452
 0 0.295674
 0 0.330163
 0 0.315633
 0 0.321954
 0 0.390784
 0 0.297937
 0 0.312857
 0 0.368509
 0 0.31081
 0 0.358495
 0 0.342384
 0 0.32686
 0 0.399203
 0 0.327952
 0 0.304406
 0 0.323717
 0 0.388136
 0 0.354045
 0 0.360875
 0 0.39845
 0 0.34337
 0 0.351259
 0 0.350108
 0 0.323403
 0 0.315547
 0 0.347805
 0 0.329915
 0 0.358975
 0 0.350524
 0 0.369865
 0 0.377232
 0 0.368769
 0 0.334057
 0 0.324413
 0 0.37052
 0 0.301947
 0 0.349318
 0 0.358594
 0 0.304245
 0 0.388487
 0 0.33458
 0 0.397952
 0 0.334564
 0 0.349052
 0 0.373016
 0 0.312053
 0 0.308621
 0 0.343976
 0 0.352251
 0 0.369569
 0 0.330237
 0 0.365452
 0 0.324302
 0 0.337987
 0 0.411365
 0 0.329925
 0 0.356141
 0 0.329463
 0 0.324321
 0 0.341022
 0 0.352451
 0 0.327213
 0 0.336813
 0 0.362655
 0 0.322228
 0 0.411071
 0 0.352856
 0 0.354269
 0 0.344339
 0 0.343548
 0 0.366795
 0 0.319651
 0 0.371773
 0 0.386151
 0 0.338071
 0 0.317601
 0 0.324061
 0 0.357051
 0 0.386263
 0 0.339516
 0 0.34087
 0 0.351251
 0 0.300849
 0 0.361334
 0 0.35213
 0 0.362764
 0 0.369501
 0 0.337646
 0 0.371135
 0 0.331725
 0 0.316564
 0 0.358707
 0 0.311935
 0 0.30648
 0 0.346573
 0 0.356642
 0 0.31938
 0 0.322802
 0 0.339374
 0 0.35219
 0 0.337587
 0 0.357735
 0 0.324103
 0 0.338358
 0 0.313594
 0 0.33953
 0 0.355899
 0 0.349898
 0 0.349133
 0 0.384891
 0 0.368713
 0 0.338653
 0 0.359414
 0 0.328763
 0 0.33811
 0 0.389633
 0 0.35333
 0 0.301717
 0 0.369111
 0 0.336512
 0 0.3571
 0 0.340691
 0 0.364872
 0 0.370452
 0 0.353794
 0 0.375535
 0 0.370027
 0 0.344008
 0 0.322809
 0 0.318871
 0 0.343642
 0 0.371219
 0 0.36579
 0 0.343865
 0 0.333963
 0 0.396581
 0 0.386233
 0 0.382694
 0 0.381519
 0 0.316362
 0 0.361785
 0 0.3321
 0 0.353188
 0 0.354503
 0 0.350648
 0 0.332642
 0 0.359568
 0 0.346408
 0 0.392843
 0 0.334159
 0 0.395169
 0 0.35557
 0 0.3841
 0 0.343877
 0 0.337412
 0 0.331264
 0 0.376443
 0 0.35551
 0 0.397609
 0 0.334145
 0 0.359091
 0 0.314446
 0 0.362597
 0 0.403739
 0 0.366306
 0 0.409873
 0 0.364044
 0 0.390505
 0 0.314169
 0 0.354619
 0 0.401017
 0 0.303494
 0 0.376909
 0 0.370157
 0 0.36863
 0 0.349425
 0 0.350574
 0 0.348339
 0 0.365944
 0 0.37601
 0 0.392281
 0 0.357124
 0 0.377687
 0 0.361545
 0 0.358197
 0 0.358633
 0 0.359873
 0 0.332347
 0 0.323373
 0 0.356479
 0 0.367075
 0 0.358131
 0 0.346805
 0 0.372375
 0 0.396903
 0 0.353915
 0 0.389696
 0 0.369954
 0 0.371219
 0 0.336521
 0 0.319631
 0 0.354669
 0 0.383607
 0 0.34256
 0 0.335137
 0 0.309715
 0 0.335986
 0 0.367708
 0 0.352303
 0 0.385793
 0 0.355292
 0 0.351782
 0 0.349668
 0 0.329314
 0 0.35502
 0 0.327621
 0 0.319812
 0 0.347406
 0 0.344001
 0 0.371251
 0 0.358273
 0 0.354468
 0 0.379786
 0 0.360702
 0 0.346601
 0 0.333976
 0 0.34023
 0 0.384914
 0 0.359689
 0 0.349673
 0 0.355198
 0 0.346764
 0 0.352691
 0 0.364794
 0 0.288753
 0 0.353946
 0 0.364004
 0 0.391059
 0 0.324582
 0 0.334164
 0 0.362749
 0 0.338464
 0 0.388332
 0 0.412305
 0 0.34345
 0 0.376305
 0 0.335743
 0 0.376604
 0 0.345181
 0 0.376016
 0 0.322484
 0 0.298417
 0 0.363503
 0 0.295692
 0 0.366029
 0 0.328443
 0 0.362891
 0 0.332296
 0 0.395895
 0 0.365492
 0 0.365316
 0 0.342235
 0 0.371128
 0 0.398159
 0 0.3703
 0 0.351729
 0 0.338052
 0 0.352685
 0 0.376654
 0 0.334334
 0 0.350147
 0 0.337975
 0 0.345639
 0 0.33112
 0 0.349482
 0 0.390805
 0 0.331976
 0 0.338765
 0 0.350195
 0 0.343997
 0 0.339211
 0 0.332752
 0 0.369486
 0 0.347644
 0 0.341235
 0 0.283625
 0 0.328537
 0 0.351449
 0 0.329021
 0 0.356734
 0 0.303176
 0 0.340211
 0 0.341453
 0 0.37717
 0 0.348226
 0 0.384812
 0 0.336179
 0 0.368428
 0 0.377152
 0 0.35182
 0 0.370274
 0 0.322052
 0 0.349728
 0 0.333022
 0 0.325503
 0 0.331534
 0 0.332298
 0 0.343774
 0 0.362857
 0 0.368148
 0 0.321475
 0 0.347682
 0 0.295481
 0 0.314307
 0 0.365127
 0 0.30745
 0 0.387794
 0 0.35059
 0 0.354579
 0 0.305161
 0 0.35281
 0 0.358538
 0 0.361281
 0 0.321343
 0 0.340503
 0 0.339345
 0 0.366585
 0 0.389199
 0 0.358404
 0 0.340867
 0 0.356202
 0 0.356132
 0 0.337627
 0 0.335501
 0 0.332254
 0 0.312033
 0 0.358044
 0 0.350294
 0 0.370659
 0 0.375918
 0 0.321631
 0 0.339397
 0 0.406459
 0 0.368719
 0 0.36386
 0 0.374178
 0 0.368496
 0 0.358927
 0 0.380652
 0 0.369838
 0 0.364128
 0 0.315556
 0 0.329734
 0 0.373638
 0 0.292671
 0 0.341323
 0 0.350279
 0 0.356428
 0 0.348516
 0 0.359771
 0 0.305024
 0 0.333266
 0 0.35408
 0 0.335903
 0 0.34915
 0 0.315744
 0 0.342701
 0 0.364745
 0 0.323303
 0 0.387984
 0 0.274186
 0 0.331915
 0 0.331251
 0 0.283786
 0 0.351446
 0 0.34992
 0 0.356958
 0 0.349674
 0 0.324837
 0 0.348764
 0 0.395941
 0 0.365602
 0 0.40309
 0 0.385634
 0 0.347907
 0 0.353716
 0 0.3885
 0 0.360668
 0 0.345432
 0 0.343498
 0 0.349374
 0 0.323316
 0 0.363842
