553 1 0 0 1
 0 0.385012
 0 0.390507
 0 0.425823
 0 0.428154
 0 0.410795
 0 0.407604
 0 0.468342
 0 0.383532
 0 0.343035
 0 0.370256
 0 0.362806
 0 0.425241
 0 0.39959
 0 0.372814
 0 0.385271
 0 0.384191
 0 0.346369
 0 0.451661
 0 0.384642
 0 0.40816
 0 0.354418
 0 0.391703
 0 0.371149
 0 0.333527
 0 0.479445
 0 0.333416
 0 0.375052
 0 0.353331
 0 0.36582
 0 0.3807
 0 0.43003
 0 0.425294
 0 0.417247
 0 0.459717
 0 0.342374
 0 0.403421
 0 0.463441
 0 0.426498
 0 0.354023
 0 0.406171
 0 0.398339
 0 0.384074
 0 0.3585
 0 0.336392
 0 0.385999
 0 0.362873
 0 0.450963
 0 0.36032
 0 0.370249
 0 0.35736
 0 0.392158
 0 0.380122
 0 0.43776
 0 0.515746
 0 0.364651
 0 0.433874
 0 0.345793
 0 0.317214
 0 0.352252
 0 0.393246
 0 0.441572
 0 0.360445
 0 0.375302
 0 0.386481
 0 0.453611
 0 0.379674
 0 0.340552
 0 0.355488
 0 0.290462
 0 0.391809
 0 0.376655
 0 0.447583
 0 0.397514
 0 0.321365
 0 0.399027
 0 0.433654
 0 0.404885
 0 0.368552
 0 0.39925
 0 0.407699
 0 0.411125
 0 0.40936
 0 0.43014
 0 0.272944
 0 0.388302
 0 0.415307
 0 0.406214
 0 0.37926
 0 0.378216
 0 0.264718
 0 0.406462
 0 0.4933
 0 0.447122
 0 0.382457
 0 0.370837
 0 0.38591
 0 0.289268
 0 0.378265
 0 0.364359
 0 0.382463
 0 0.401521
 0 0.349799
 0 0.372997
 0 0.352906
 0 0.400489
 0 0.376111
 0 0.40043
 0 0.355174
 0 0.437277
 0 0.356506
 0 0.372926
 0 0.379116
 0 0.368034
 0 0.364142
 0 0.393563
 0 0.463494
 0 0.329442
 0 0.338326
 0 0.380054
 0 0.301955
 0 0.295619
 0 0.33363
 0 0.388319
 0 0.417996
 0 0.300278
 0 0.365123
 0 0.316275
 0 0.366727
 0 0.442141
 0 0.42323
 0 0.413309
 0 0.347855
 0 0.362386
 0 0.341756
 0 0.392824
 0 0.338283
 0 0.420051
 0 0.406341
 0 0.398969
 0 0.428078
 0 0.397207
 0 0.349562
 0 0.363225
 0 0.324783
 0 0.399642
 0 0.449622
 0 0.46652
 0 0.363011
 0 0.300526
 0 0.439664
 0 0.404855
 0 0.449428
 0 0.349964
 0 0.324762
 0 0.334067
 0 0.382634
 0 0.323652
 0 0.381842
 0 0.356683
 0 0.360009
 0 0.420971
 0 0.385891
 0 0.330175
 0 0.386986
 0 0.359202
 0 0.296924
 0 0.353653
 0 0.38995
 0 0.404549
 0 0.406946
 0 0.403908
 0 0.334729
 0 0.362526
 0 0.334446
 0 0.363889
 0 0.339785
 0 0.403136
 0 0.349619
 0 0.32731
 0 0.317954
 0 0.35248
 0 0.397902
 0 0.365697
 0 0.332728
 0 0.375826
 0 0.337593
 0 0.367686
 0 0.375155
 0 0.313032
 0 0.440132
 0 0.363237
 0 0.319247
 0 0.418779
 0 0.425322
 0 0.359016
 0 0.297354
 0 0.418864
 0 0.316758
 0 0.339031
 0 0.419688
 0 0.379577
 0 0.377691
 0 0.314615
 0 0.360865
 0 0.392845
 0 0.383669
 0 0.421489
 0 0.385351
 0 0.450808
 0 0.408686
 0 0.321982
 0 0.362903
 0 0.330105
 0 0.364813
 0 0.35743
 0 0.444601
 0 0.461403
 0 0.352369
 0 0.457694
 0 0.340774
 0 0.262857
 0 0.334697
 0 0.328094
 0 0.36998
 0 0.472364
 0 0.388005
 0 0.305902
 0 0.41585
 0 0.399852
 0 0.328571
 0 0.454327
 0 0.425884
 0 0.398303
 0 0.455803
 0 0.302702
 0 0.359863
 0 0.322501
 0 0.356822
 0 0.428585
 0 0.417971
 0 0.476518
 0 0.313597
 0 0.35624
 0 0.398263
 0 0.412824
 0 0.437609
 0 0.404097
 0 0.344074
 0 0.360128
 0 0.365531
 0 0.385768
 0 0.460973
 0 0.289439
 0 0.381177
 0 0.384089
 0 0.34663
 0 0.442605
 0 0.353265
 0 0.430315
 0 0.427992
 0 0.352105
 0 0.357951
 0 0.394633
 0 0.37265
 0 0.481576
 0 0.382585
 0 0.391663
 0 0.400284
 0 0.353383
 0 0.385285
 0 0.435025
 0 0.361048
 0 0.396302
 0 0.408764
 0 0.374414
 0 0.372878
 0 0.4143
 0 0.331086
 0 0.357028
 0 0.316498
 0 0.357669
 0 0.368081
 0 0.426514
 0 0.356361
 0 0.372744
 0 0.394844
 0 0.33012
 0 0.374256
 0 0.366033
 0 0.433553
 0 0.523993
 0 0.30275
 0 0.322217
 0 0.332058
 0 0.362787
 0 0.409127
 0 0.337117
 0 0.41994
 0 0.40272
 0 0.375435
 0 0.37373
 0 0.309801
 0 0.312015
 0 0.447813
 0 0.317342
 0 0.384634
 0 0.422389
 0 0.323351
 0 0.396716
 0 0.460138
 0 0.354405
 0 0.362882
 0 0.45264
 0 0.347308
 0 0.300326
 0 0.418012
 0 0.411746
 0 0.402847
 0 0.433802
 0 0.357593
 0 0.290745
 0 0.380872
 0 0.375155
 0 0.386321
 0 0.405649
 0 0.422231
 0 0.340478
 0 0.424443
 0 0.311096
 0 0.366138
 0 0.477885
 0 0.272908
 0 0.421308
 0 0.369569
 0 0.368597
 0 0.348357
 0 0.372072
 0 0.407067
 0 0.420929
 0 0.408117
 0 0.460994
 0 0.317917
 0 0.390551
 0 0.442548
 0 0.312846
 0 0.35844
 0 0.411888
 0 0.332522
 0 0.459717
 0 0.444611
 0 0.427429
 0 0.409413
 0 0.373554
 0 0.450723
 0 0.493261
 0 0.42575
 0 0.437338
 0 0.349908
 0 0.439101
 0 0.324357
 0 0.360146
 0 0.344092
 0 0.395415
 0 0.370473
 0 0.32449
 0 0.321537
 0 0.39781
 0 0.389636
 0 0.36178
 0 0.413409
 0 0.373261
 0 0.411396
 0 0.377998
 0 0.326913
 0 0.437327
 0 0.386495
 0 0.370152
 0 0.29158
 0 0.395581
 0 0.433314
 0 0.405629
 0 0.398462
 0 0.438052
 0 0.418356
 0 0.384344
 0 0.377333
 0 0.395086
 0 0.420385
 0 0.392548
 0 0.397561
 0 0.455729
 0 0.432978
 0 0.456596
 0 0.401795
 0 0.318353
 0 0.374771
 0 0.310985
 0 0.467391
 0 0.4273
 0 0.366077
 0 0.377431
 0 0.25387
 0 0.427941
 0 0.398751
 0 0.482834
 0 0.348947
 0 0.380151
 0 0.454919
 0 0.418239
 0 0.401574
 0 0.328369
 0 0.358143
 0 0.356076
 0 0.39009
 0 0.343713
 0 0.295877
 0 0.37484
 0 0.394312
 0 0.39843
 0 0.402316
 0 0.359358
 0 0.37571
 0 0.392324
 0 0.439281
 0 0.385491
 0 0.406787
 0 0.372602
 0 0.332035
 0 0.41582
 0 0.445515
 0 0.335636
 0 0.414059
 0 0.399457
 0 0.319695
 0 0.380797
 0 0.378718
 0 0.318133
 0 0.38096
 0 0.370471
 0 0.382315
 0 0.397797
 0 0.385922
 0 0.390813
 0 0.345855
 0 0.360623
 0 0.413597
 0 0.432162
 0 0.36527
 0 0.309794
 0 0.312275
 0 0.346699
 0 0.376202
 0 0.429124
 0 0.373847
 0 0.412971
 0 0.438785
 0 0.470986
 0 0.463713
 0 0.464972
 0 0.387154
 0 0.399565
 0 0.350592
 0 0.387294
 0 0.34655
 0 0.433603
 0 0.360294
 0 0.333441
 0 0.400274
 0 0.317293
 0 0.4692
 0 0.467923
 0 0.427279
 0 0.368746
 0 0.259722
 0 0.376781
 0 0.377915
 0 0.440126
 0 0.457382
 0 0.231451
 0 0.399306
 0 0.327777
 0 0.375063
 0 0.3689
 0 0.3751
 0 0.409398
 0 0.408721
 0 0.388946
 0 0.355986
 0 0.397124
 0 0.323899
 0 0.3779
 0 0.397723
 0 0.392329
 0 0.391416
 0 0.395608
 0 0.3123
 0 0.36461
 0 0.390511
 0 0.40528
 0 0.419203
 0 0.390582
 0 0.289852
 0 0.326596
 0 0.413132
 0 0.407714
 0 0.394297
 0 0.369161
 0 0.3835
 0 0.472791
 0 0.414037
 0 0.345165
 0 0.37158
 0 0.306718
 0 0.384357
 0 0.343707
 0 0.415326
 0 0.437934
 0 0.367473
 0 0.461057
 0 0.404824
 0 0.29169
 0 0.346215
 0 0.47688
 0 0.382531
 0 0.319256
 0 0.369066
 0 0.337923
 0 0.415927
 0 0.316499
 0 0.393422
 0 0.334915
 0 0.379363
 0 0.323012
 0 0.462184
 0 0.44629
 0 0.364845
 0 0.357106
 0 0.356811
 0 0.402703
 0 0.389776
 0 0.409373
 0 0.432097
 0 0.353133
 0 0.388773
 0 0.318003
 0 0.370293
 0 0.389743
 0 0.332112
 0 0.401704
 0 0.39179
 0 0.434972
 0 0.320745
 0 0.357914
