603 1 0 0 1
 0 0.324716
 0 0.364385
 0 0.349969
 0 0.313694
 0 0.356962
 0 0.388346
 0 0.335314
 0 0.349783
 0 0.33985
 0 0.362271
 0 0.385199
 0 0.35508
 0 0.329382
 0 0.360583
 0 0.350294
 0 0.359232
 0 0.297345
 0 0.341947
 0 0.329244
 0 0.374426
 0 0.302129
 0 0.364062
 0 0.348389
 0 0.380333
 0 0.31405
 0 0.349796
 0 0.336555
 0 0.369004
 0 0.365974
 0 0.357168
 0 0.293145
 0 0.356744
 0 0.31603
 0 0.353849
 0 0.342394
 0 0.411236
 0 0.331721
 0 0.319761
 0 0.331949
 0 0.303184
 0 0.377416
 0 0.320431
 0 0.373208
 0 0.351184
 0 0.375702
 0 0.301095
 0 0.338128
 0 0.328028
 0 0.359873
 0 0.325274
 0 0.35305
 0 0.379605
 0 0.340877
 0 0.329737
 0 0.410278
 0 0.363302
 0 0.370391
 0 0.35703
 0 0.323138
 0 0.338411
 0 0.360036
 0 0.343139
 0 0.321033
 0 0.35636
 0 0.325092
 0 0.356762
 0 0.304299
 0 0.317601
 0 0.339526
 0 0.351331
 0 0.320776
 0 0.375711
 0 0.351073
 0 0.342165
 0 0.397052
 0 0.303693
 0 0.356271
 0 0.326372
 0 0.35966
 0 0.346024
 0 0.34783
 0 0.349019
 0 0.361169
 0 0.364437
 0 0.307815
 0 0.383577
 0 0.341977
 0 0.378924
 0 0.35343
 0 0.350422
 0 0.361909
 0 0.367568
 0 0.33784
 0 0.382214
 0 0.367988
 0 0.33059
 0 0.306908
 0 0.360769
 0 0.354279
 0 0.365534
 0 0.342123
 0 0.332195
 0 0.32473
 0 0.345976
 0 0.3639
 0 0.357642
 0 0.362006
 0 0.356553
 0 0.357609
 0 0.297282
 0 0.37997
 0 0.255744
 0 0.33069
 0 0.331739
 0 0.322916
 0 0.360681
 0 0.325273
 0 0.412709
 0 0.360472
 0 0.334075
 0 0.337355
 0 0.353042
 0 0.390576
 0 0.342016
 0 0.358652
 0 0.350637
 0 0.382173
 0 0.360491
 0 0.337778
 0 0.345435
 0 0.37173
 0 0.328734
 0 0.344751
 0 0.379402
 0 0.331252
 0 0.35565
 0 0.321572
 0 0.324527
 0 0.343426
 0 0.377934
 0 0.366283
 0 0.338103
 0 0.327786
 0 0.371809
 0 0.343926
 0 0.370176
 0 0.355683
 0 0.35941
 0 0.331071
 0 0.36706
 0 0.375827
 0 0.362271
 0 0.317147
 0 0.353864
 0 0.353765
 0 0.339985
 0 0.353391
 0 0.380718
 0 0.357736
 0 0.345101
 0 0.351786
 0 0.351962
 0 0.329684
 0 0.31297
 0 0.362318
 0 0.340514
 0 0.371633
 0 0.327014
 0 0.371228
 0 0.345592
 0 0.366937
 0 0.341703
 0 0.323172
 0 0.377968
 0 0.358352
 0 0.344482
 0 0.355119
 0 0.361774
 0 0.332685
 0 0.325572
 0 0.361759
 0 0.359716
 0 0.347962
 0 0.343944
 0 0.35198
 0 0.344506
 0 0.286738
 0 0.276904
 0 0.371587
 0 0.364564
 0 0.319832
 0 0.354061
 0 0.316972
 0 0.297975
 0 0.323741
 0 0.357656
 0 0.37426
 0 0.314619
 0 0.339691
 0 0.316773
 0 0.401147
 0 0.354534
 0 0.348938
 0 0.312091
 0 0.335041
 0 0.349912
 0 0.347424
 0 0.347846
 0 0.336268
 0 0.324293
 0 0.369517
 0 0.370128
 0 0.320707
 0 0.362802
 0 0.36559
 0 0.369944
 0 0.374268
 0 0.349149
 0 0.36757
 0 0.337088
 0 0.329962
 0 0.311769
 0 0.356679
 0 0.382731
 0 0.32903
 0 0.350926
 0 0.329626
 0 0.380008
 0 0.31802
 0 0.354218
 0 0.295185
 0 0.387701
 0 0.326978
 0 0.302406
 0 0.347436
 0 0.358295
 0 0.340856
 0 0.374767
 0 0.297788
 0 0.316879
 0 0.330428
 0 0.323235
 0 0.346255
 0 0.376156
 0 0.328977
 0 0.393514
 0 0.378929
 0 0.315873
 0 0.329791
 0 0.321688
 0 0.365385
 0 0.375237
 0 0.345065
 0 0.374873
 0 0.367084
 0 0.317337
 0 0.313042
 0 0.337836
 0 0.357824
 0 0.311817
 0 0.350786
 0 0.350608
 0 0.327323
 0 0.331708
 0 0.396636
 0 0.327926
 0 0.332713
 0 0.37496
 0 0.330624
 0 0.364205
 0 0.38242
 0 0.342219
 0 0.353252
 0 0.358309
 0 0.373485
 0 0.380461
 0 0.291304
 0 0.335903
 0 0.351394
 0 0.315482
 0 0.391119
 0 0.352095
 0 0.344129
 0 0.354635
 0 0.361016
 0 0.336062
 0 0.378571
 0 0.347509
 0 0.354175
 0 0.383398
 0 0.351674
 0 0.306999
 0 0.353526
 0 0.319674
 0 0.360863
 0 0.349168
 0 0.390336
 0 0.360974
 0 0.347526
 0 0.253642
 0 0.366363
 0 0.390594
 0 0.313357
 0 0.284289
 0 0.341711
 0 0.346783
 0 0.402264
 0 0.344803
 0 0.341097
 0 0.346629
 0 0.326492
 0 0.337331
 0 0.341656
 0 0.374553
 0 0.332773
 0 0.363132
 0 0.375267
 0 0.353855
 0 0.35214
 0 0.359805
 0 0.342959
 0 0.334467
 0 0.373185
 0 0.365612
 0 0.385483
 0 0.345429
 0 0.330204
 0 0.349503
 0 0.371936
 0 0.353861
 0 0.353116
 0 0.365341
 0 0.365039
 0 0.371638
 0 0.328473
 0 0.356346
 0 0.347202
 0 0.331985
 0 0.364999
 0 0.378554
 0 0.31116
 0 0.371884
 0 0.362649
 0 0.355661
 0 0.329021
 0 0.359535
 0 0.386021
 0 0.296245
 0 0.312935
 0 0.328026
 0 0.363562
 0 0.30032
 0 0.377075
 0 0.3714
 0 0.431952
 0 0.356147
 0 0.339598
 0 0.324764
 0 0.38386
 0 0.309645
 0 0.340803
 0 0.344412
 0 0.295437
 0 0.373059
 0 0.321533
 0 0.294896
 0 0.347493
 0 0.349382
 0 0.35123
 0 0.371635
 0 0.341344
 0 0.334237
 0 0.348938
 0 0.366666
 0 0.386176
 0 0.331221
 0 0.337269
 0 0.379408
 0 0.349113
 0 0.36054
 0 0.371879
 0 0.354704
 0 0.34171
 0 0.351939
 0 0.351482
 0 0.356759
 0 0.347813
 0 0.317709
 0 0.283757
 0 0.344044
 0 0.314851
 0 0.326584
 0 0.363069
 0 0.355358
 0 0.358772
 0 0.326002
 0 0.313294
 0 0.354397
 0 0.35887
 0 0.361535
 0 0.34507
 0 0.388059
 0 0.384207
 0 0.36816
 0 0.373329
 0 0.326719
 0 0.352801
 0 0.378172
 0 0.343838
 0 0.321655
 0 0.323709
 0 0.343915
 0 0.34763
 0 0.316908
 0 0.346908
 0 0.336211
 0 0.351782
 0 0.343416
 0 0.360462
 0 0.343602
 0 0.354517
 0 0.339931
 0 0.341313
 0 0.328402
 0 0.320504
 0 0.367926
 0 0.339538
 0 0.343854
 0 0.367079
 0 0.395895
 0 0.314225
 0 0.355446
 0 0.367385
 0 0.368629
 0 0.363833
 0 0.338003
 0 0.361718
 0 0.353174
 0 0.327474
 0 0.324148
 0 0.355931
 0 0.353052
 0 0.381323
 0 0.367218
 0 0.350129
 0 0.35122
 0 0.366159
 0 0.424113
 0 0.340848
 0 0.397418
 0 0.364191
 0 0.350528
 0 0.308696
 0 0.357076
 0 0.345978
 0 0.404188
 0 0.340805
 0 0.364953
 0 0.335916
 0 0.337818
 0 0.360055
 0 0.392809
 0 0.360955
 0 0.346868
 0 0.37209
 0 0.369051
 0 0.361474
 0 0.383019
 0 0.333995
 0 0.348346
 0 0.335511
 0 0.424578
 0 0.378686
 0 0.300363
 0 0.392294
 0 0.376891
 0 0.328725
 0 0.329298
 0 0.355695
 0 0.296732
 0 0.381155
 0 0.375087
 0 0.396689
 0 0.3169
 0 0.378493
 0 0.35207
 0 0.341715
 0 0.34381
 0 0.364606
 0 0.371112
 0 0.353395
 0 0.356864
 0 0.376018
 0 0.344107
 0 0.329418
 0 0.307135
 0 0.358575
 0 0.348313
 0 0.34343
 0 0.345605
 0 0.328557
 0 0.377062
 0 0.384604
 0 0.368466
 0 0.394513
 0 0.286553
 0 0.337733
 0 0.375648
 0 0.342969
 0 0.336989
 0 0.353042
 0 0.362379
 0 0.35698
 0 0.351667
 0 0.344207
 0 0.339825
 0 0.359246
 0 0.334446
 0 0.30582
 0 0.418923
 0 0.362425
 0 0.296672
 0 0.396269
 0 0.367865
 0 0.397468
 0 0.351761
 0 0.305235
 0 0.408712
 0 0.376033
 0 0.291392
 0 0.332275
 0 0.3613
 0 0.374744
 0 0.337582
 0 0.33635
 0 0.350583
 0 0.334938
 0 0.38996
 0 0.347096
 0 0.363777
 0 0.356484
 0 0.350949
 0 0.370378
 0 0.371625
 0 0.33254
 0 0.368611
 0 0.39607
 0 0.370246
 0 0.316151
 0 0.369213
 0 0.43963
 0 0.3469
 0 0.325991
 0 0.375579
 0 0.346575
 0 0.310233
 0 0.366455
 0 0.368706
 0 0.309511
 0 0.358455
 0 0.358999
 0 0.355911
 0 0.346729
 0 0.375433
 0 0.313298
 0 0.344509
 0 0.353379
 0 0.386432
 0 0.380781
 0 0.296323
 0 0.341462
 0 0.323436
 0 0.377843
 0 0.362701
 0 0.312176
 0 0.352649
 0 0.355736
 0 0.366673
 0 0.362671
 0 0.322989
 0 0.355853
 0 0.304245
 0 0.35997
 0 0.344796
 0 0.372891
 0 0.349388
 0 0.354502
 0 0.329986
 0 0.294171
 0 0.343859
 0 0.329754
 0 0.352656
 0 0.360096
 0 0.34661
 0 0.358729
 0 0.402764
 0 0.353172
 0 0.381653
 0 0.34838
 0 0.366833
 0 0.347487
 0 0.344622
 0 0.372749
