553 1 0 0 1
 0 0.368793
 0 0.350071
 0 0.360502
 0 0.350002
 0 0.375994
 0 0.375436
 0 0.405521
 0 0.367461
 0 0.39077
 0 0.420237
 0 0.410389
 0 0.403893
 0 0.369951
 0 0.404131
 0 0.322698
 0 0.3619
 0 0.370301
 0 0.379827
 0 0.384507
 0 0.352454
 0 0.423071
 0 0.388987
 0 0.393164
 0 0.386158
 0 0.390919
 0 0.398021
 0 0.367671
 0 0.383998
 0 0.373823
 0 0.354549
 0 0.399233
 0 0.367828
 0 0.369048
 0 0.409132
 0 0.386172
 0 0.402717
 0 0.380659
 0 0.358695
 0 0.403013
 0 0.388184
 0 0.359468
 0 0.387743
 0 0.387471
 0 0.360633
 0 0.395219
 0 0.36549
 0 0.389642
 0 0.387758
 0 0.379827
 0 0.381956
 0 0.37995
 0 0.371778
 0 0.383875
 0 0.352379
 0 0.368064
 0 0.386419
 0 0.427646
 0 0.400478
 0 0.381661
 0 0.401746
 0 0.374507
 0 0.378566
 0 0.385339
 0 0.384093
 0 0.373238
 0 0.375723
 0 0.381369
 0 0.351834
 0 0.38546
 0 0.392308
 0 0.443598
 0 0.377357
 0 0.369267
 0 0.362669
 0 0.375601
 0 0.389056
 0 0.381197
 0 0.397425
 0 0.412381
 0 0.384668
 0 0.390518
 0 0.382739
 0 0.38728
 0 0.424684
 0 0.379592
 0 0.349309
 0 0.402337
 0 0.371842
 0 0.395539
 0 0.369584
 0 0.372403
 0 0.358964
 0 0.38853
 0 0.406094
 0 0.355439
 0 0.386971
 0 0.335938
 0 0.370952
 0 0.369318
 0 0.379753
 0 0.37888
 0 0.388353
 0 0.38278
 0 0.381046
 0 0.369378
 0 0.387471
 0 0.375319
 0 0.383713
 0 0.393842
 0 0.39918
 0 0.402457
 0 0.368369
 0 0.356413
 0 0.361782
 0 0.369522
 0 0.382647
 0 0.366605
 0 0.384244
 0 0.392125
 0 0.353179
 0 0.397478
 0 0.340004
 0 0.377391
 0 0.355879
 0 0.379892
 0 0.383458
 0 0.428057
 0 0.3991
 0 0.376607
 0 0.386126
 0 0.393662
 0 0.375955
 0 0.376871
 0 0.373506
 0 0.373382
 0 0.339393
 0 0.412393
 0 0.376589
 0 0.364089
 0 0.380571
 0 0.356201
 0 0.406767
 0 0.359401
 0 0.387531
 0 0.392182
 0 0.406499
 0 0.355461
 0 0.378199
 0 0.356451
 0 0.361384
 0 0.362244
 0 0.398189
 0 0.379104
 0 0.376036
 0 0.346629
 0 0.376662
 0 0.396966
 0 0.411421
 0 0.358791
 0 0.405035
 0 0.362336
 0 0.386335
 0 0.361822
 0 0.372679
 0 0.404767
 0 0.381394
 0 0.354482
 0 0.390874
 0 0.368447
 0 0.382988
 0 0.361288
 0 0.372858
 0 0.40442
 0 0.367635
 0 0.377958
 0 0.383423
 0 0.385507
 0 0.38324
 0 0.412894
 0 0.424288
 0 0.389106
 0 0.36926
 0 0.359639
 0 0.359914
 0 0.357917
 0 0.395618
 0 0.324939
 0 0.380641
 0 0.370537
 0 0.382424
 0 0.402337
 0 0.413887
 0 0.377544
 0 0.383579
 0 0.37182
 0 0.323083
 0 0.371163
 0 0.396509
 0 0.3803
 0 0.394061
 0 0.381266
 0 0.402198
 0 0.367706
 0 0.348773
 0 0.404693
 0 0.365025
 0 0.340022
 0 0.370146
 0 0.353081
 0 0.377929
 0 0.396327
 0 0.376792
 0 0.376046
 0 0.383983
 0 0.416737
 0 0.336254
 0 0.368208
 0 0.365865
 0 0.370847
 0 0.388561
 0 0.399983
 0 0.381852
 0 0.385314
 0 0.337669
 0 0.365843
 0 0.441101
 0 0.38329
 0 0.41284
 0 0.382753
 0 0.365272
 0 0.357758
 0 0.384216
 0 0.417257
 0 0.389158
 0 0.396487
 0 0.387914
 0 0.374447
 0 0.376797
 0 0.395863
 0 0.321873
 0 0.366552
 0 0.401782
 0 0.367983
 0 0.396329
 0 0.388261
 0 0.392297
 0 0.364048
 0 0.398646
 0 0.416574
 0 0.396032
 0 0.359693
 0 0.376769
 0 0.327017
 0 0.354936
 0 0.375979
 0 0.389912
 0 0.379132
 0 0.384298
 0 0.376807
 0 0.384412
 0 0.386127
 0 0.396965
 0 0.377677
 0 0.378851
 0 0.347845
 0 0.359357
 0 0.361606
 0 0.398637
 0 0.386388
 0 0.417621
 0 0.393128
 0 0.380394
 0 0.381563
 0 0.37841
 0 0.371538
 0 0.403226
 0 0.367077
 0 0.370804
 0 0.375322
 0 0.361506
 0 0.378633
 0 0.420935
 0 0.390266
 0 0.4015
 0 0.377986
 0 0.361061
 0 0.407985
 0 0.379344
 0 0.365926
 0 0.377042
 0 0.358282
 0 0.39447
 0 0.379403
 0 0.393056
 0 0.391011
 0 0.398873
 0 0.38585
 0 0.390256
 0 0.393677
 0 0.350136
 0 0.396354
 0 0.362294
 0 0.397707
 0 0.364885
 0 0.385998
 0 0.372591
 0 0.390005
 0 0.386566
 0 0.381799
 0 0.363129
 0 0.418294
 0 0.377871
 0 0.381189
 0 0.383573
 0 0.353357
 0 0.389684
 0 0.386102
 0 0.372562
 0 0.408442
 0 0.362556
 0 0.386999
 0 0.336843
 0 0.374461
 0 0.422747
 0 0.371909
 0 0.39376
 0 0.420528
 0 0.403262
 0 0.39487
 0 0.397713
 0 0.399077
 0 0.401375
 0 0.383557
 0 0.409481
 0 0.380857
 0 0.362362
 0 0.369106
 0 0.384502
 0 0.381974
 0 0.383039
 0 0.386579
 0 0.402107
 0 0.388082
 0 0.389121
 0 0.402146
 0 0.385598
 0 0.407812
 0 0.383944
 0 0.379832
 0 0.377272
 0 0.413308
 0 0.36199
 0 0.390606
 0 0.391381
 0 0.365497
 0 0.370155
 0 0.381177
 0 0.413366
 0 0.393605
 0 0.366133
 0 0.381183
 0 0.378975
 0 0.398557
 0 0.37393
 0 0.377643
 0 0.378869
 0 0.376376
 0 0.382907
 0 0.397016
 0 0.413336
 0 0.403176
 0 0.356952
 0 0.388234
 0 0.395133
 0 0.366545
 0 0.366082
 0 0.378925
 0 0.40199
 0 0.407529
 0 0.375883
 0 0.412034
 0 0.393115
 0 0.370108
 0 0.363584
 0 0.385644
 0 0.381723
 0 0.383013
 0 0.382769
 0 0.391999
 0 0.375714
 0 0.391279
 0 0.393707
 0 0.374317
 0 0.378585
 0 0.348569
 0 0.394691
 0 0.423718
 0 0.406795
 0 0.350574
 0 0.362478
 0 0.408692
 0 0.417299
 0 0.42711
 0 0.43719
 0 0.360354
 0 0.377743
 0 0.363435
 0 0.380312
 0 0.382389
 0 0.380134
 0 0.362822
 0 0.382542
 0 0.411738
 0 0.343666
 0 0.35648
 0 0.383771
 0 0.380348
 0 0.376699
 0 0.446621
 0 0.372084
 0 0.386401
 0 0.375144
 0 0.396506
 0 0.391762
 0 0.399212
 0 0.379917
 0 0.360382
 0 0.377699
 0 0.395062
 0 0.379438
 0 0.37235
 0 0.349672
 0 0.361188
 0 0.394498
 0 0.383438
 0 0.407164
 0 0.354844
 0 0.387672
 0 0.371032
 0 0.410269
 0 0.377088
 0 0.386802
 0 0.391652
 0 0.396045
 0 0.391914
 0 0.337069
 0 0.358806
 0 0.385064
 0 0.363325
 0 0.395798
 0 0.368135
 0 0.402095
 0 0.377234
 0 0.386523
 0 0.39689
 0 0.414507
 0 0.36069
 0 0.384474
 0 0.387551
 0 0.366366
 0 0.400318
 0 0.379871
 0 0.392255
 0 0.376574
 0 0.359249
 0 0.395269
 0 0.370802
 0 0.390425
 0 0.375269
 0 0.379717
 0 0.370096
 0 0.384743
 0 0.369602
 0 0.357251
 0 0.404194
 0 0.366905
 0 0.409617
 0 0.352897
 0 0.40232
 0 0.370804
 0 0.400865
 0 0.403229
 0 0.348987
 0 0.367347
 0 0.381629
 0 0.372754
 0 0.384814
 0 0.418992
 0 0.381609
 0 0.37829
 0 0.411376
 0 0.36756
 0 0.378084
 0 0.389916
 0 0.379686
 0 0.391235
 0 0.391018
 0 0.409237
 0 0.41302
 0 0.377385
 0 0.362028
 0 0.402283
 0 0.402598
 0 0.390378
 0 0.407559
 0 0.393112
 0 0.38749
 0 0.388399
 0 0.373016
 0 0.377677
 0 0.402161
 0 0.354346
 0 0.38255
 0 0.412537
 0 0.341516
 0 0.347998
 0 0.390583
 0 0.39879
 0 0.366081
 0 0.379216
 0 0.367873
 0 0.395528
 0 0.367338
 0 0.380617
 0 0.408385
 0 0.36774
 0 0.395139
 0 0.389605
 0 0.394829
 0 0.381092
 0 0.322274
 0 0.359183
 0 0.375808
 0 0.336509
 0 0.37801
 0 0.395971
 0 0.376437
 0 0.373993
 0 0.36655
 0 0.369278
 0 0.384969
 0 0.395612
 0 0.396914
 0 0.403509
 0 0.375187
 0 0.403809
 0 0.387682
 0 0.387767
 0 0.398173
 0 0.387699
 0 0.369094
 0 0.373448
 0 0.384363
