553 1 0 0 1
 0 0.375066
 0 0.348374
 0 0.403407
 0 0.407183
 0 0.432359
 0 0.365019
 0 0.470166
 0 0.417693
 0 0.391937
 0 0.374525
 0 0.329992
 0 0.407504
 0 0.360099
 0 0.369025
 0 0.396448
 0 0.380484
 0 0.393664
 0 0.422408
 0 0.449084
 0 0.414754
 0 0.335798
 0 0.388533
 0 0.399748
 0 0.330981
 0 0.395642
 0 0.37352
 0 0.399084
 0 0.392609
 0 0.357409
 0 0.390988
 0 0.38269
 0 0.338117
 0 0.378885
 0 0.496211
 0 0.396254
 0 0.392492
 0 0.458247
 0 0.410411
 0 0.328083
 0 0.390343
 0 0.378486
 0 0.373029
 0 0.357415
 0 0.365947
 0 0.377134
 0 0.365021
 0 0.43581
 0 0.371264
 0 0.417512
 0 0.382017
 0 0.391742
 0 0.370837
 0 0.389252
 0 0.347855
 0 0.435134
 0 0.417565
 0 0.352629
 0 0.331606
 0 0.383802
 0 0.407654
 0 0.427858
 0 0.385925
 0 0.354043
 0 0.411042
 0 0.398603
 0 0.432432
 0 0.326206
 0 0.254017
 0 0.380585
 0 0.417334
 0 0.38832
 0 0.426468
 0 0.410679
 0 0.291247
 0 0.340203
 0 0.427175
 0 0.357351
 0 0.381242
 0 0.413171
 0 0.436512
 0 0.386417
 0 0.402858
 0 0.438529
 0 0.42157
 0 0.312219
 0 0.399078
 0 0.37137
 0 0.347737
 0 0.336465
 0 0.377249
 0 0.464798
 0 0.363847
 0 0.440168
 0 0.366826
 0 0.304931
 0 0.389329
 0 0.383008
 0 0.405391
 0 0.41405
 0 0.4035
 0 0.391893
 0 0.371491
 0 0.347007
 0 0.346946
 0 0.360452
 0 0.375469
 0 0.355709
 0 0.388974
 0 0.407716
 0 0.330442
 0 0.354629
 0 0.395304
 0 0.400485
 0 0.333667
 0 0.370551
 0 0.368622
 0 0.387792
 0 0.350255
 0 0.397143
 0 0.361138
 0 0.378482
 0 0.354807
 0 0.378641
 0 0.414799
 0 0.383542
 0 0.322595
 0 0.358065
 0 0.450425
 0 0.374558
 0 0.415959
 0 0.341391
 0 0.349611
 0 0.361187
 0 0.331789
 0 0.34094
 0 0.315807
 0 0.39849
 0 0.375554
 0 0.381475
 0 0.421485
 0 0.370851
 0 0.36926
 0 0.365457
 0 0.364106
 0 0.383202
 0 0.44855
 0 0.409781
 0 0.329255
 0 0.345561
 0 0.409719
 0 0.359115
 0 0.394669
 0 0.335962
 0 0.365838
 0 0.324782
 0 0.424379
 0 0.334549
 0 0.385382
 0 0.356968
 0 0.395939
 0 0.387361
 0 0.354708
 0 0.392531
 0 0.425853
 0 0.408968
 0 0.331854
 0 0.348342
 0 0.419856
 0 0.369511
 0 0.374461
 0 0.376822
 0 0.343724
 0 0.451877
 0 0.358619
 0 0.350702
 0 0.362253
 0 0.405719
 0 0.39385
 0 0.353885
 0 0.372368
 0 0.372435
 0 0.439078
 0 0.363653
 0 0.358517
 0 0.339217
 0 0.376587
 0 0.40163
 0 0.376056
 0 0.346498
 0 0.434537
 0 0.416158
 0 0.379049
 0 0.350996
 0 0.364919
 0 0.388681
 0 0.351244
 0 0.355669
 0 0.388609
 0 0.317395
 0 0.463406
 0 0.305146
 0 0.384515
 0 0.40027
 0 0.372601
 0 0.384071
 0 0.35396
 0 0.339619
 0 0.374922
 0 0.440552
 0 0.38807
 0 0.289567
 0 0.405958
 0 0.332302
 0 0.353037
 0 0.416415
 0 0.420927
 0 0.44777
 0 0.338619
 0 0.37941
 0 0.371798
 0 0.323791
 0 0.333046
 0 0.394491
 0 0.347987
 0 0.378891
 0 0.382404
 0 0.323491
 0 0.350254
 0 0.37206
 0 0.371065
 0 0.402845
 0 0.452883
 0 0.390548
 0 0.403901
 0 0.311372
 0 0.326627
 0 0.374672
 0 0.37113
 0 0.437045
 0 0.395063
 0 0.431152
 0 0.390679
 0 0.372418
 0 0.352464
 0 0.383869
 0 0.427701
 0 0.421495
 0 0.359637
 0 0.349426
 0 0.376388
 0 0.38461
 0 0.385711
 0 0.361822
 0 0.343627
 0 0.392995
 0 0.323045
 0 0.413906
 0 0.322113
 0 0.417401
 0 0.463022
 0 0.336015
 0 0.391165
 0 0.36088
 0 0.398653
 0 0.425294
 0 0.370958
 0 0.407274
 0 0.377351
 0 0.41553
 0 0.412285
 0 0.385638
 0 0.339954
 0 0.412056
 0 0.375973
 0 0.43497
 0 0.418333
 0 0.458108
 0 0.351376
 0 0.40364
 0 0.377395
 0 0.354662
 0 0.374889
 0 0.388904
 0 0.340641
 0 0.35185
 0 0.467055
 0 0.39709
 0 0.335001
 0 0.366584
 0 0.378915
 0 0.365308
 0 0.414347
 0 0.385278
 0 0.377308
 0 0.328332
 0 0.44114
 0 0.382189
 0 0.417176
 0 0.413765
 0 0.328878
 0 0.378939
 0 0.36034
 0 0.408279
 0 0.429511
 0 0.369087
 0 0.321433
 0 0.39306
 0 0.371732
 0 0.51973
 0 0.350644
 0 0.396063
 0 0.34434
 0 0.386798
 0 0.404209
 0 0.358182
 0 0.307956
 0 0.441477
 0 0.430937
 0 0.417302
 0 0.375829
 0 0.365718
 0 0.365917
 0 0.357369
 0 0.396738
 0 0.458558
 0 0.405799
 0 0.326248
 0 0.472262
 0 0.317848
 0 0.388794
 0 0.448574
 0 0.285274
 0 0.417114
 0 0.397755
 0 0.421907
 0 0.387097
 0 0.424419
 0 0.38775
 0 0.400484
 0 0.423514
 0 0.411175
 0 0.37561
 0 0.38749
 0 0.395541
 0 0.351021
 0 0.367527
 0 0.36701
 0 0.373944
 0 0.429923
 0 0.364022
 0 0.38134
 0 0.401701
 0 0.383765
 0 0.425071
 0 0.477039
 0 0.413481
 0 0.431035
 0 0.386519
 0 0.419077
 0 0.32102
 0 0.329949
 0 0.374877
 0 0.406332
 0 0.355295
 0 0.349519
 0 0.313808
 0 0.392681
 0 0.472059
 0 0.338111
 0 0.357996
 0 0.391719
 0 0.418194
 0 0.37334
 0 0.332148
 0 0.371152
 0 0.367451
 0 0.321487
 0 0.390102
 0 0.426399
 0 0.420906
 0 0.345601
 0 0.383632
 0 0.423364
 0 0.451943
 0 0.417098
 0 0.387902
 0 0.336002
 0 0.399788
 0 0.40197
 0 0.386658
 0 0.394998
 0 0.366736
 0 0.390071
 0 0.441061
 0 0.33568
 0 0.384991
 0 0.350076
 0 0.462797
 0 0.41894
 0 0.398011
 0 0.367604
 0 0.364932
 0 0.407846
 0 0.437567
 0 0.35604
 0 0.391733
 0 0.366157
 0 0.414271
 0 0.421047
 0 0.377018
 0 0.384897
 0 0.332464
 0 0.364436
 0 0.366528
 0 0.398057
 0 0.333237
 0 0.38563
 0 0.462833
 0 0.417922
 0 0.437983
 0 0.363499
 0 0.359452
 0 0.372842
 0 0.406303
 0 0.418119
 0 0.365289
 0 0.398447
 0 0.342223
 0 0.445484
 0 0.373104
 0 0.392839
 0 0.396
 0 0.385527
 0 0.353243
 0 0.379119
 0 0.437988
 0 0.358008
 0 0.390123
 0 0.371497
 0 0.381823
 0 0.37959
 0 0.36404
 0 0.431619
 0 0.388718
 0 0.379973
 0 0.327149
 0 0.357202
 0 0.402028
 0 0.32955
 0 0.432402
 0 0.363094
 0 0.347441
 0 0.376886
 0 0.388918
 0 0.34609
 0 0.441717
 0 0.310802
 0 0.442743
 0 0.426165
 0 0.308609
 0 0.356229
 0 0.364111
 0 0.402509
 0 0.365913
 0 0.384187
 0 0.353556
 0 0.354782
 0 0.329459
 0 0.353948
 0 0.432812
 0 0.385206
 0 0.441467
 0 0.36972
 0 0.313729
 0 0.38116
 0 0.359424
 0 0.451449
 0 0.427321
 0 0.349374
 0 0.354099
 0 0.410165
 0 0.386656
 0 0.401254
 0 0.386061
 0 0.402318
 0 0.331569
 0 0.435488
 0 0.381133
 0 0.400182
 0 0.363305
 0 0.386485
 0 0.407484
 0 0.394608
 0 0.376354
 0 0.322336
 0 0.323339
 0 0.360698
 0 0.423079
 0 0.434224
 0 0.454667
 0 0.382341
 0 0.323327
 0 0.433964
 0 0.413423
 0 0.378267
 0 0.387595
 0 0.38138
 0 0.437505
 0 0.413738
 0 0.374639
 0 0.369574
 0 0.395033
 0 0.385515
 0 0.364842
 0 0.35988
 0 0.315624
 0 0.40484
 0 0.396899
 0 0.391411
 0 0.387077
 0 0.338196
 0 0.292857
 0 0.422086
 0 0.350013
 0 0.339281
 0 0.370119
 0 0.390565
 0 0.408507
 0 0.345392
 0 0.389291
 0 0.305383
 0 0.358828
 0 0.391174
 0 0.336971
 0 0.417332
 0 0.367492
 0 0.331768
 0 0.359056
 0 0.366951
 0 0.37083
 0 0.443693
 0 0.395693
 0 0.376737
 0 0.41183
 0 0.37963
 0 0.337155
 0 0.464318
 0 0.363155
 0 0.382412
 0 0.409377
 0 0.389222
 0 0.387246
 0 0.403197
