553 1 0 0 1
 0 0.31446
 0 0.522981
 0 0.639569
 0 0.293605
 0 0.446992
 0 0.322476
 0 0.737976
 0 0.386317
 0 0.127834
 0 0.0683192
 0 0.0635106
 0 0.418549
 0 0.54266
 0 0.280311
 0 0.750298
 0 0.427736
 0 0.383959
 0 0.789357
 0 0.530813
 0 0.743547
 0 -0.0568966
 0 0.38509
 0 0.189541
 0 0.229985
 0 0.658238
 0 0.106809
 0 0.544643
 0 0.121682
 0 0.308794
 0 0.390617
 0 0.462922
 0 0.364808
 0 0.355734
 0 0.525798
 0 0.262947
 0 0.127107
 0 0.523528
 0 0.685028
 0 0.133358
 0 0.477674
 0 0.756536
 0 0.130873
 0 0.0619426
 0 0.116449
 0 0.353615
 0 0.588564
 0 0.43463
 0 0.366092
 0 0.387321
 0 0.112677
 0 0.566423
 0 0.216155
 0 0.187925
 0 0.672665
 0 0.37957
 0 0.265894
 0 0.124302
 0 0.142305
 0 0.348786
 0 0.546283
 0 0.548002
 0 0.357556
 0 0.25115
 0 0.317557
 0 0.558338
 0 0.87589
 0 0.0735429
 0 0.0453025
 0 0.136584
 0 0.355065
 0 -0.0448463
 0 0.395154
 0 0.500966
 0 0.176271
 0 0.151227
 0 0.716771
 0 0.395767
 0 0.266175
 0 0.255505
 0 0.639692
 0 0.383061
 0 0.317445
 0 0.660137
 0 0.0131564
 0 0.243435
 0 0.710614
 0 0.340347
 0 0.179265
 0 -0.00240325
 0 -0.149673
 0 0.652302
 0 0.514091
 0 0.641731
 0 0.358227
 0 0.380213
 0 0.15259
 0 0.324247
 0 0.494387
 0 0.530975
 0 0.480507
 0 0.378784
 0 0.118312
 0 0.473027
 0 0.140363
 0 0.0441562
 0 0.272781
 0 0.363253
 0 0.242169
 0 0.404895
 0 0.158815
 0 -0.0340438
 0 0.554891
 0 0.123537
 0 0.244758
 0 0.302023
 0 0.5616
 0 0.516739
 0 0.0479884
 0 0.194256
 0 0.312552
 0 0.096835
 0 0.11248
 0 0.556499
 0 0.623372
 0 0.271203
 0 0.260442
 0 0.0608114
 0 0.53108
 0 0.245802
 0 0.458431
 0 0.16777
 0 0.522839
 0 0.4305
 0 0.211486
 0 0.450866
 0 0.0990281
 0 0.604217
 0 0.213683
 0 0.456987
 0 0.639777
 0 0.458511
 0 0.234847
 0 0.356993
 0 0.124266
 0 0.335626
 0 0.432648
 0 0.497302
 0 0.264734
 0 0.197735
 0 0.5798
 0 0.740092
 0 0.658368
 0 0.374051
 0 0.461208
 0 0.0342987
 0 0.643534
 0 0.139374
 0 0.306225
 0 0.325369
 0 0.233986
 0 0.753068
 0 0.269896
 0 0.132999
 0 0.450625
 0 0.137728
 0 -0.263609
 0 0.361047
 0 0.574508
 0 0.409277
 0 0.451013
 0 0.321212
 0 0.260198
 0 0.30931
 0 0.285467
 0 0.332491
 0 0.261754
 0 0.380115
 0 0.372343
 0 0.165175
 0 0.244039
 0 0.143981
 0 0.56972
 0 0.562967
 0 0.290719
 0 0.27859
 0 0.513879
 0 0.419333
 0 0.40115
 0 0.443438
 0 0.596843
 0 0.167123
 0 0.20524
 0 0.742151
 0 0.267945
 0 0.626583
 0 0.443874
 0 0.412851
 0 0.218574
 0 0.233319
 0 0.59585
 0 0.00343673
 0 0.289575
 0 0.408977
 0 0.433561
 0 0.265421
 0 0.394883
 0 0.337083
 0 0.542881
 0 0.525568
 0 0.309247
 0 0.0682525
 0 0.377019
 0 -0.162193
 0 0.320072
 0 0.22341
 0 0.73153
 0 0.98332
 0 0.270381
 0 0.432385
 0 0.283576
 0 -0.0184808
 0 0.398648
 0 0.359966
 0 0.288723
 0 0.537356
 0 0.347339
 0 0.213756
 0 0.0164419
 0 0.443953
 0 0.302266
 0 0.582294
 0 0.600114
 0 0.330462
 0 0.51528
 0 0.199509
 0 0.273346
 0 0.254223
 0 0.339316
 0 0.601475
 0 0.549007
 0 0.637033
 0 0.224506
 0 0.411704
 0 0.151024
 0 0.257827
 0 0.419197
 0 0.313664
 0 0.157635
 0 0.0835269
 0 0.336049
 0 0.394854
 0 0.543572
 0 0.490737
 0 0.292791
 0 0.360481
 0 0.209489
 0 0.670755
 0 0.382002
 0 0.742842
 0 0.62574
 0 0.246364
 0 0.0790879
 0 0.360051
 0 0.454065
 0 0.660988
 0 0.283748
 0 0.641181
 0 0.383205
 0 0.56063
 0 0.339076
 0 0.191537
 0 0.281818
 0 0.472209
 0 0.17129
 0 0.442109
 0 0.262728
 0 0.635398
 0 0.25635
 0 0.646254
 0 0.356585
 0 0.141616
 0 0.281634
 0 0.468484
 0 0.201765
 0 0.112515
 0 0.780397
 0 0.205822
 0 0.167054
 0 0.406651
 0 0.405489
 0 0.787622
 0 0.413202
 0 0.182225
 0 0.254539
 0 0.0870967
 0 0.285421
 0 0.106716
 0 0.200431
 0 0.459388
 0 0.481305
 0 0.237041
 0 0.18217
 0 0.073652
 0 0.475895
 0 0.200866
 0 0.273031
 0 0.596038
 0 0.0830481
 0 0.579773
 0 0.452714
 0 0.118301
 0 0.133536
 0 0.8785
 0 0.162126
 0 0.0259625
 0 0.224824
 0 0.49573
 0 0.63331
 0 0.508627
 0 0.390695
 0 0.161202
 0 0.539907
 0 0.44534
 0 0.164931
 0 0.853848
 0 0.175011
 0 -0.0141335
 0 0.656648
 0 0.0999146
 0 0.356173
 0 0.326202
 0 -0.132547
 0 0.811354
 0 0.423669
 0 0.321869
 0 0.247298
 0 0.548671
 0 0.502001
 0 0.509133
 0 0.621999
 0 0.715696
 0 -0.0657859
 0 0.164698
 0 0.271454
 0 0.00558444
 0 0.223345
 0 0.346057
 0 0.105226
 0 0.670621
 0 0.703903
 0 0.178717
 0 0.332984
 0 0.23522
 0 0.445481
 0 1.02534
 0 0.646285
 0 0.400118
 0 0.0385359
 0 0.349958
 0 0.27798
 0 0.29463
 0 0.0674486
 0 0.421272
 0 0.25897
 0 0.154371
 0 0.232152
 0 0.743792
 0 0.559963
 0 0.165424
 0 0.0971952
 0 0.301568
 0 0.735451
 0 0.14253
 0 0.0121758
 0 0.808681
 0 0.230757
 0 0.0230437
 0 0.239617
 0 0.271057
 0 0.493312
 0 0.129718
 0 0.396809
 0 0.398814
 0 0.493433
 0 0.573884
 0 0.377843
 0 0.471707
 0 0.380675
 0 0.40845
 0 0.139185
 0 0.466043
 0 0.351379
 0 0.621849
 0 0.362137
 0 0.208537
 0 0.136428
 0 0.119074
 0 0.534319
 0 0.382505
 0 0.605799
 0 0.160283
 0 0.0559136
 0 0.446767
 0 0.283792
 0 0.395552
 0 0.151732
 0 0.350706
 0 0.788858
 0 0.426356
 0 0.377523
 0 0.356383
 0 0.20592
 0 0.122296
 0 0.0580795
 0 0.387082
 0 0.0278725
 0 0.453801
 0 0.37124
 0 0.181359
 0 0.610429
 0 0.286157
 0 0.0923171
 0 0.291247
 0 0.199537
 0 0.365614
 0 0.392705
 0 0.435431
 0 0.194942
 0 0.563681
 0 0.52326
 0 0.176425
 0 0.632902
 0 0.577186
 0 0.218436
 0 0.542151
 0 0.436743
 0 0.152418
 0 0.464269
 0 0.387341
 0 0.172289
 0 0.46485
 0 0.357221
 0 0.560559
 0 0.357715
 0 0.181659
 0 0.257781
 0 0.559428
 0 0.458566
 0 -0.0300757
 0 0.242674
 0 0.377698
 0 0.0408248
 0 0.417377
 0 0.525129
 0 0.26222
 0 0.554159
 0 0.150435
 0 0.593107
 0 0.357765
 0 0.0811991
 0 0.0217471
 0 0.189574
 0 0.465897
 0 0.25914
 0 0.214104
 0 0.0547438
 0 0.348627
 0 0.167419
 0 0.198894
 0 0.500772
 0 0.597839
 0 0.506405
 0 0.195029
 0 0.110152
 0 0.28235
 0 0.1737
 0 0.448934
 0 0.805585
 0 -0.0588116
 0 0.576052
 0 0.157277
 0 0.292061
 0 0.530016
 0 0.477939
 0 0.616528
 0 0.181064
 0 0.39676
 0 0.0427417
 0 0.366163
 0 0.0978768
 0 0.116253
 0 0.42104
 0 0.408498
 0 0.520038
 0 0.200742
 0 -0.167092
 0 0.113263
 0 0.277204
 0 0.335638
 0 0.86391
 0 0.362209
 0 0.0893251
 0 0.305674
 0 0.178798
 0 0.121221
 0 0.324775
 0 0.029683
 0 0.160446
 0 0.510588
 0 0.30322
 0 0.244178
 0 0.334152
 0 0.34846
 0 0.21725
 0 0.172802
 0 0.299814
 0 0.322061
 0 0.371028
 0 0.659686
 0 0.476423
 0 0.124103
 0 0.0922355
 0 0.617011
 0 0.173033
 0 0.0115754
 0 0.161127
 0 0.300137
 0 0.219196
 0 -0.0370336
 0 0.428573
 0 0.536011
 0 0.516917
 0 0.360405
 0 0.43221
 0 0.471892
 0 -0.0530078
 0 0.313685
 0 0.272354
 0 0.310464
 0 0.306334
 0 0.51663
 0 0.329883
 0 0.166574
 0 0.193531
 0 0.295822
 0 0.191159
 0 0.411795
 0 0.0453469
 0 0.250442
 0 0.545306
 0 0.372389
 0 0.123719
 0 0.320562
