553 1 0 0 1
 0 0.340631
 0 0.325514
 0 0.332087
 0 0.336259
 0 0.34547
 0 0.333743
 0 0.376108
 0 0.34609
 0 0.353475
 0 0.373963
 0 0.37692
 0 0.364904
 0 0.338048
 0 0.363335
 0 0.304331
 0 0.342934
 0 0.336015
 0 0.355272
 0 0.365942
 0 0.346626
 0 0.379204
 0 0.353172
 0 0.358342
 0 0.346909
 0 0.344787
 0 0.360392
 0 0.341687
 0 0.354246
 0 0.34496
 0 0.328048
 0 0.363861
 0 0.343187
 0 0.332036
 0 0.38446
 0 0.358582
 0 0.362613
 0 0.345985
 0 0.337707
 0 0.356525
 0 0.35915
 0 0.33335
 0 0.349153
 0 0.340947
 0 0.313411
 0 0.362153
 0 0.351382
 0 0.367034
 0 0.343811
 0 0.344484
 0 0.339439
 0 0.36152
 0 0.341654
 0 0.359107
 0 0.343687
 0 0.330651
 0 0.346327
 0 0.382473
 0 0.374145
 0 0.357126
 0 0.371067
 0 0.355431
 0 0.348578
 0 0.349644
 0 0.36181
 0 0.358562
 0 0.351125
 0 0.340099
 0 0.308113
 0 0.355733
 0 0.351656
 0 0.397987
 0 0.361823
 0 0.340848
 0 0.328849
 0 0.35121
 0 0.350655
 0 0.331677
 0 0.349538
 0 0.372732
 0 0.363264
 0 0.359578
 0 0.353396
 0 0.354022
 0 0.375078
 0 0.339231
 0 0.341531
 0 0.355902
 0 0.328761
 0 0.348968
 0 0.325
 0 0.350464
 0 0.337914
 0 0.359238
 0 0.371536
 0 0.332758
 0 0.349321
 0 0.307148
 0 0.332973
 0 0.336857
 0 0.339391
 0 0.348438
 0 0.364378
 0 0.337497
 0 0.331521
 0 0.320467
 0 0.348812
 0 0.334333
 0 0.358878
 0 0.338153
 0 0.36864
 0 0.354752
 0 0.334379
 0 0.324076
 0 0.323165
 0 0.329922
 0 0.333738
 0 0.335088
 0 0.352561
 0 0.358405
 0 0.318737
 0 0.321557
 0 0.316898
 0 0.345428
 0 0.340483
 0 0.341
 0 0.353266
 0 0.372406
 0 0.356799
 0 0.326118
 0 0.352496
 0 0.344335
 0 0.347648
 0 0.343543
 0 0.341325
 0 0.313281
 0 0.296577
 0 0.379118
 0 0.347463
 0 0.34798
 0 0.35629
 0 0.334419
 0 0.378966
 0 0.339923
 0 0.350143
 0 0.360047
 0 0.369779
 0 0.330473
 0 0.333082
 0 0.334073
 0 0.334314
 0 0.334877
 0 0.358651
 0 0.358198
 0 0.342298
 0 0.330371
 0 0.34362
 0 0.355736
 0 0.370134
 0 0.318491
 0 0.358848
 0 0.339404
 0 0.343728
 0 0.331757
 0 0.345192
 0 0.360319
 0 0.342424
 0 0.327468
 0 0.355964
 0 0.354313
 0 0.35428
 0 0.338824
 0 0.332351
 0 0.382029
 0 0.330143
 0 0.326287
 0 0.348143
 0 0.345236
 0 0.34488
 0 0.374662
 0 0.375973
 0 0.33013
 0 0.347857
 0 0.332168
 0 0.324946
 0 0.34255
 0 0.365923
 0 0.296418
 0 0.348456
 0 0.319464
 0 0.358889
 0 0.359105
 0 0.373468
 0 0.348353
 0 0.346076
 0 0.338523
 0 0.299665
 0 0.327298
 0 0.364316
 0 0.332453
 0 0.365391
 0 0.337613
 0 0.367446
 0 0.329249
 0 0.315753
 0 0.357683
 0 0.315482
 0 0.330333
 0 0.342221
 0 0.298132
 0 0.35273
 0 0.349434
 0 0.356211
 0 0.330186
 0 0.355481
 0 0.371107
 0 0.303569
 0 0.348542
 0 0.334942
 0 0.339772
 0 0.35092
 0 0.35877
 0 0.355133
 0 0.358986
 0 0.324344
 0 0.334954
 0 0.391772
 0 0.350326
 0 0.355191
 0 0.352965
 0 0.337872
 0 0.342237
 0 0.348351
 0 0.37358
 0 0.342411
 0 0.371876
 0 0.353435
 0 0.335938
 0 0.363028
 0 0.362866
 0 0.320182
 0 0.341399
 0 0.36684
 0 0.340781
 0 0.350076
 0 0.369681
 0 0.359981
 0 0.330163
 0 0.368117
 0 0.379153
 0 0.354562
 0 0.334461
 0 0.338953
 0 0.302116
 0 0.328202
 0 0.353534
 0 0.358622
 0 0.35254
 0 0.347674
 0 0.345164
 0 0.349122
 0 0.354278
 0 0.360096
 0 0.343908
 0 0.329795
 0 0.319533
 0 0.330792
 0 0.344607
 0 0.357756
 0 0.356096
 0 0.373665
 0 0.357868
 0 0.355276
 0 0.358329
 0 0.350162
 0 0.33476
 0 0.371559
 0 0.329469
 0 0.344209
 0 0.343371
 0 0.330312
 0 0.348796
 0 0.362385
 0 0.356356
 0 0.351064
 0 0.343336
 0 0.34221
 0 0.365949
 0 0.34308
 0 0.339251
 0 0.334228
 0 0.334682
 0 0.376036
 0 0.34952
 0 0.353188
 0 0.357012
 0 0.357249
 0 0.360336
 0 0.360688
 0 0.361088
 0 0.330139
 0 0.356878
 0 0.337555
 0 0.346389
 0 0.330757
 0 0.348324
 0 0.318912
 0 0.361748
 0 0.338656
 0 0.323778
 0 0.342138
 0 0.38354
 0 0.351946
 0 0.357022
 0 0.349431
 0 0.330814
 0 0.352314
 0 0.345543
 0 0.346792
 0 0.365655
 0 0.337172
 0 0.36023
 0 0.313026
 0 0.349788
 0 0.367269
 0 0.35176
 0 0.372502
 0 0.380668
 0 0.373812
 0 0.352969
 0 0.363522
 0 0.380411
 0 0.380626
 0 0.354266
 0 0.372322
 0 0.347506
 0 0.335403
 0 0.350945
 0 0.35769
 0 0.364136
 0 0.357338
 0 0.351009
 0 0.36374
 0 0.363178
 0 0.35732
 0 0.365036
 0 0.357311
 0 0.364249
 0 0.353996
 0 0.354122
 0 0.338223
 0 0.36102
 0 0.344759
 0 0.350391
 0 0.353804
 0 0.346104
 0 0.343897
 0 0.352519
 0 0.381466
 0 0.344815
 0 0.344347
 0 0.355718
 0 0.342449
 0 0.363569
 0 0.350565
 0 0.344984
 0 0.345428
 0 0.356501
 0 0.345932
 0 0.363591
 0 0.378923
 0 0.361627
 0 0.335679
 0 0.352507
 0 0.348105
 0 0.342115
 0 0.336426
 0 0.338016
 0 0.362187
 0 0.36562
 0 0.344478
 0 0.355662
 0 0.361502
 0 0.340766
 0 0.325444
 0 0.352859
 0 0.343575
 0 0.35502
 0 0.345718
 0 0.359302
 0 0.344462
 0 0.360395
 0 0.35721
 0 0.343723
 0 0.353283
 0 0.311795
 0 0.358248
 0 0.381195
 0 0.375864
 0 0.320461
 0 0.338887
 0 0.377901
 0 0.355657
 0 0.385205
 0 0.391564
 0 0.33142
 0 0.346035
 0 0.341136
 0 0.344642
 0 0.357558
 0 0.355878
 0 0.344166
 0 0.343242
 0 0.378703
 0 0.317942
 0 0.32235
 0 0.336186
 0 0.351361
 0 0.339121
 0 0.397534
 0 0.342811
 0 0.35249
 0 0.345145
 0 0.353111
 0 0.3614
 0 0.355264
 0 0.335894
 0 0.329902
 0 0.34693
 0 0.35842
 0 0.339024
 0 0.322853
 0 0.321009
 0 0.347168
 0 0.361329
 0 0.346264
 0 0.360674
 0 0.329034
 0 0.350508
 0 0.340294
 0 0.379821
 0 0.34717
 0 0.350683
 0 0.357499
 0 0.359094
 0 0.356329
 0 0.313392
 0 0.331438
 0 0.346595
 0 0.343645
 0 0.353631
 0 0.343017
 0 0.363611
 0 0.343011
 0 0.364757
 0 0.356289
 0 0.36938
 0 0.326628
 0 0.337873
 0 0.345344
 0 0.319885
 0 0.367132
 0 0.351356
 0 0.347571
 0 0.356232
 0 0.344957
 0 0.356091
 0 0.34876
 0 0.36265
 0 0.330695
 0 0.352729
 0 0.340997
 0 0.341103
 0 0.341981
 0 0.318943
 0 0.366365
 0 0.341799
 0 0.386356
 0 0.342961
 0 0.364472
 0 0.336427
 0 0.366454
 0 0.360355
 0 0.324809
 0 0.333103
 0 0.354858
 0 0.333438
 0 0.352893
 0 0.374467
 0 0.341046
 0 0.352413
 0 0.373971
 0 0.340904
 0 0.333741
 0 0.353944
 0 0.343123
 0 0.359846
 0 0.36519
 0 0.354635
 0 0.375566
 0 0.347081
 0 0.339324
 0 0.372977
 0 0.373521
 0 0.361921
 0 0.357037
 0 0.357989
 0 0.350906
 0 0.362572
 0 0.357014
 0 0.363132
 0 0.367494
 0 0.338694
 0 0.351375
 0 0.371232
 0 0.315021
 0 0.324662
 0 0.340763
 0 0.346931
 0 0.348631
 0 0.35636
 0 0.333913
 0 0.348144
 0 0.339433
 0 0.3472
 0 0.362777
 0 0.325253
 0 0.351264
 0 0.365782
 0 0.354931
 0 0.351123
 0 0.288054
 0 0.337018
 0 0.331785
 0 0.309869
 0 0.338277
 0 0.345598
 0 0.362283
 0 0.334482
 0 0.335889
 0 0.335193
 0 0.360398
 0 0.355873
 0 0.357213
 0 0.364036
 0 0.34819
 0 0.356985
 0 0.349796
 0 0.347803
 0 0.358353
 0 0.343333
 0 0.351439
 0 0.334343
 0 0.351997
