603 1 0 0 1
 0 0.352197
 0 0.376229
 0 0.364357
 0 0.346433
 0 0.392175
 0 0.413081
 0 0.361408
 0 0.369673
 0 0.343366
 0 0.384613
 0 0.417808
 0 0.379143
 0 0.341608
 0 0.386178
 0 0.371416
 0 0.381587
 0 0.344807
 0 0.368293
 0 0.347655
 0 0.371836
 0 0.319873
 0 0.383315
 0 0.406881
 0 0.376242
 0 0.334773
 0 0.372032
 0 0.363418
 0 0.416633
 0 0.367283
 0 0.405893
 0 0.332993
 0 0.380829
 0 0.362361
 0 0.355727
 0 0.341311
 0 0.40202
 0 0.365526
 0 0.366203
 0 0.369129
 0 0.371298
 0 0.393374
 0 0.356014
 0 0.380531
 0 0.366837
 0 0.392401
 0 0.333941
 0 0.35708
 0 0.363248
 0 0.37906
 0 0.344803
 0 0.335641
 0 0.40871
 0 0.364591
 0 0.313068
 0 0.446156
 0 0.382887
 0 0.422814
 0 0.376298
 0 0.31581
 0 0.357631
 0 0.369722
 0 0.39275
 0 0.39948
 0 0.369677
 0 0.378752
 0 0.369021
 0 0.362373
 0 0.34279
 0 0.38841
 0 0.378293
 0 0.340337
 0 0.390204
 0 0.371144
 0 0.378505
 0 0.423419
 0 0.345172
 0 0.3922
 0 0.337221
 0 0.407284
 0 0.38905
 0 0.362542
 0 0.353738
 0 0.394045
 0 0.353723
 0 0.339914
 0 0.401676
 0 0.357565
 0 0.399317
 0 0.347157
 0 0.354544
 0 0.398508
 0 0.372386
 0 0.376403
 0 0.415081
 0 0.378849
 0 0.353209
 0 0.386721
 0 0.402747
 0 0.385746
 0 0.38545
 0 0.372293
 0 0.367117
 0 0.360332
 0 0.368213
 0 0.388718
 0 0.386721
 0 0.379142
 0 0.396465
 0 0.355417
 0 0.360784
 0 0.352753
 0 0.331659
 0 0.334984
 0 0.364377
 0 0.371895
 0 0.392655
 0 0.35218
 0 0.446979
 0 0.393074
 0 0.373239
 0 0.354792
 0 0.373588
 0 0.387879
 0 0.358984
 0 0.372917
 0 0.36766
 0 0.40697
 0 0.384799
 0 0.358321
 0 0.362113
 0 0.379106
 0 0.343587
 0 0.383801
 0 0.396581
 0 0.357012
 0 0.370702
 0 0.355684
 0 0.33659
 0 0.349732
 0 0.426057
 0 0.395446
 0 0.363632
 0 0.362578
 0 0.410653
 0 0.373353
 0 0.3778
 0 0.380217
 0 0.392294
 0 0.352934
 0 0.381843
 0 0.381035
 0 0.378499
 0 0.330393
 0 0.39719
 0 0.380673
 0 0.374007
 0 0.39756
 0 0.3974
 0 0.358673
 0 0.362482
 0 0.390346
 0 0.36777
 0 0.369053
 0 0.336804
 0 0.359975
 0 0.363866
 0 0.390687
 0 0.364975
 0 0.369964
 0 0.364967
 0 0.408995
 0 0.367962
 0 0.349661
 0 0.392147
 0 0.362249
 0 0.366152
 0 0.395305
 0 0.364416
 0 0.34953
 0 0.345818
 0 0.368405
 0 0.375737
 0 0.359319
 0 0.382198
 0 0.379593
 0 0.372788
 0 0.3119
 0 0.355403
 0 0.404289
 0 0.387865
 0 0.369236
 0 0.368253
 0 0.334996
 0 0.340405
 0 0.338473
 0 0.393539
 0 0.375811
 0 0.35312
 0 0.376598
 0 0.379554
 0 0.395104
 0 0.397968
 0 0.355759
 0 0.379784
 0 0.353166
 0 0.39125
 0 0.373605
 0 0.3631
 0 0.390207
 0 0.366175
 0 0.397665
 0 0.380417
 0 0.311794
 0 0.379176
 0 0.399745
 0 0.389703
 0 0.388943
 0 0.377098
 0 0.392603
 0 0.336362
 0 0.324925
 0 0.353782
 0 0.370645
 0 0.405036
 0 0.367346
 0 0.36101
 0 0.364406
 0 0.363819
 0 0.352043
 0 0.406364
 0 0.32589
 0 0.405052
 0 0.373805
 0 0.331193
 0 0.371497
 0 0.373205
 0 0.346802
 0 0.377767
 0 0.357256
 0 0.370131
 0 0.338338
 0 0.365537
 0 0.348214
 0 0.373903
 0 0.320129
 0 0.424264
 0 0.394516
 0 0.349165
 0 0.338874
 0 0.342475
 0 0.400652
 0 0.391629
 0 0.372975
 0 0.424651
 0 0.363781
 0 0.359777
 0 0.353698
 0 0.378501
 0 0.366652
 0 0.363268
 0 0.387785
 0 0.369396
 0 0.352662
 0 0.355061
 0 0.380371
 0 0.356972
 0 0.36679
 0 0.39408
 0 0.376338
 0 0.384246
 0 0.399351
 0 0.373708
 0 0.38099
 0 0.382574
 0 0.405617
 0 0.367211
 0 0.330144
 0 0.343274
 0 0.370405
 0 0.332157
 0 0.408401
 0 0.37413
 0 0.346927
 0 0.360078
 0 0.386117
 0 0.377151
 0 0.407707
 0 0.365887
 0 0.373301
 0 0.387372
 0 0.392946
 0 0.353588
 0 0.36973
 0 0.363069
 0 0.382918
 0 0.370864
 0 0.371995
 0 0.39097
 0 0.356373
 0 0.299974
 0 0.378491
 0 0.408958
 0 0.36783
 0 0.337813
 0 0.359468
 0 0.396331
 0 0.389364
 0 0.344164
 0 0.350519
 0 0.368653
 0 0.355386
 0 0.382881
 0 0.382927
 0 0.410058
 0 0.346812
 0 0.402849
 0 0.392341
 0 0.349512
 0 0.379053
 0 0.381166
 0 0.351999
 0 0.364615
 0 0.385051
 0 0.408134
 0 0.381762
 0 0.374559
 0 0.354031
 0 0.383783
 0 0.380452
 0 0.376522
 0 0.366885
 0 0.415083
 0 0.390686
 0 0.377534
 0 0.38671
 0 0.391633
 0 0.378113
 0 0.373358
 0 0.385239
 0 0.377827
 0 0.330878
 0 0.398376
 0 0.390433
 0 0.385099
 0 0.355451
 0 0.380718
 0 0.405153
 0 0.355925
 0 0.37336
 0 0.370743
 0 0.361446
 0 0.325901
 0 0.413311
 0 0.361648
 0 0.410573
 0 0.363001
 0 0.388483
 0 0.348232
 0 0.37128
 0 0.35741
 0 0.366255
 0 0.373656
 0 0.37
 0 0.398382
 0 0.34627
 0 0.329378
 0 0.363216
 0 0.37569
 0 0.368228
 0 0.391894
 0 0.377142
 0 0.37083
 0 0.365881
 0 0.393665
 0 0.390894
 0 0.382663
 0 0.337268
 0 0.41268
 0 0.337603
 0 0.390145
 0 0.371354
 0 0.358448
 0 0.373144
 0 0.384936
 0 0.384958
 0 0.359245
 0 0.361363
 0 0.348025
 0 0.321692
 0 0.370728
 0 0.344672
 0 0.353264
 0 0.38579
 0 0.364316
 0 0.374879
 0 0.331398
 0 0.314941
 0 0.389049
 0 0.388365
 0 0.367667
 0 0.373456
 0 0.410219
 0 0.401542
 0 0.394252
 0 0.38883
 0 0.343209
 0 0.398856
 0 0.391676
 0 0.342924
 0 0.342607
 0 0.380458
 0 0.391595
 0 0.352774
 0 0.386258
 0 0.380631
 0 0.344366
 0 0.364311
 0 0.351075
 0 0.376565
 0 0.372143
 0 0.3834
 0 0.340288
 0 0.367866
 0 0.35276
 0 0.339322
 0 0.370568
 0 0.354763
 0 0.370901
 0 0.415989
 0 0.395549
 0 0.351907
 0 0.411071
 0 0.402731
 0 0.402609
 0 0.369029
 0 0.359082
 0 0.368653
 0 0.396292
 0 0.351625
 0 0.363402
 0 0.396912
 0 0.370439
 0 0.407354
 0 0.384553
 0 0.371758
 0 0.378929
 0 0.383287
 0 0.404094
 0 0.365354
 0 0.395965
 0 0.39229
 0 0.377588
 0 0.352903
 0 0.382692
 0 0.378378
 0 0.393676
 0 0.336184
 0 0.350874
 0 0.376754
 0 0.34842
 0 0.387654
 0 0.388433
 0 0.400555
 0 0.367129
 0 0.388787
 0 0.370331
 0 0.38973
 0 0.395963
 0 0.378242
 0 0.362268
 0 0.368807
 0 0.437648
 0 0.420952
 0 0.331838
 0 0.431181
 0 0.394208
 0 0.381846
 0 0.337759
 0 0.378348
 0 0.351401
 0 0.390475
 0 0.390813
 0 0.402114
 0 0.341406
 0 0.391441
 0 0.37155
 0 0.358334
 0 0.37892
 0 0.38831
 0 0.381399
 0 0.374224
 0 0.370416
 0 0.387452
 0 0.343883
 0 0.353337
 0 0.365658
 0 0.373551
 0 0.382021
 0 0.374052
 0 0.369943
 0 0.382473
 0 0.391508
 0 0.393652
 0 0.39524
 0 0.392923
 0 0.360201
 0 0.374734
 0 0.394469
 0 0.38488
 0 0.383513
 0 0.36181
 0 0.37923
 0 0.385591
 0 0.364888
 0 0.403275
 0 0.356781
 0 0.377803
 0 0.367265
 0 0.338132
 0 0.427595
 0 0.388322
 0 0.346518
 0 0.421534
 0 0.363292
 0 0.38992
 0 0.388078
 0 0.357585
 0 0.405938
 0 0.376758
 0 0.308742
 0 0.367489
 0 0.365716
 0 0.400428
 0 0.374143
 0 0.379462
 0 0.366654
 0 0.3239
 0 0.405557
 0 0.381378
 0 0.372172
 0 0.388955
 0 0.399275
 0 0.39181
 0 0.40974
 0 0.353171
 0 0.398652
 0 0.421741
 0 0.390071
 0 0.319071
 0 0.394775
 0 0.366406
 0 0.381366
 0 0.353755
 0 0.404774
 0 0.371552
 0 0.346645
 0 0.380103
 0 0.383242
 0 0.338475
 0 0.363811
 0 0.38122
 0 0.367388
 0 0.395905
 0 0.367534
 0 0.352101
 0 0.34933
 0 0.417729
 0 0.388361
 0 0.38691
 0 0.35574
 0 0.331025
 0 0.371667
 0 0.405372
 0 0.398058
 0 0.35943
 0 0.366193
 0 0.380908
 0 0.387153
 0 0.362305
 0 0.357998
 0 0.389998
 0 0.337557
 0 0.413875
 0 0.37412
 0 0.378505
 0 0.384324
 0 0.358376
 0 0.374239
 0 0.332762
 0 0.355876
 0 0.374889
 0 0.362356
 0 0.386161
 0 0.372321
 0 0.375027
 0 0.43893
 0 0.370843
 0 0.390852
 0 0.381644
 0 0.383303
 0 0.396426
 0 0.381291
 0 0.375948
