553 1 0 0 1
 0 0.311852
 0 0.306576
 0 0.335961
 0 0.303618
 0 0.328482
 0 0.298625
 0 0.353029
 0 0.325905
 0 0.330841
 0 0.336445
 0 0.3304
 0 0.336935
 0 0.301245
 0 0.316199
 0 0.303624
 0 0.317333
 0 0.309968
 0 0.322464
 0 0.338427
 0 0.333047
 0 0.330383
 0 0.34524
 0 0.336859
 0 0.309629
 0 0.317033
 0 0.322445
 0 0.313114
 0 0.323509
 0 0.309925
 0 0.321728
 0 0.328824
 0 0.310094
 0 0.306069
 0 0.373565
 0 0.331669
 0 0.3346
 0 0.341492
 0 0.311847
 0 0.311637
 0 0.314129
 0 0.295795
 0 0.33105
 0 0.314526
 0 0.303292
 0 0.319754
 0 0.324696
 0 0.349956
 0 0.30558
 0 0.316306
 0 0.311166
 0 0.324005
 0 0.315969
 0 0.335012
 0 0.310136
 0 0.314783
 0 0.324877
 0 0.335975
 0 0.316892
 0 0.345202
 0 0.347339
 0 0.323149
 0 0.328365
 0 0.319625
 0 0.339535
 0 0.332398
 0 0.330466
 0 0.295733
 0 0.285294
 0 0.341661
 0 0.317784
 0 0.348629
 0 0.344933
 0 0.325558
 0 0.279791
 0 0.310886
 0 0.313561
 0 0.303285
 0 0.33314
 0 0.339427
 0 0.336186
 0 0.322954
 0 0.330468
 0 0.341536
 0 0.349661
 0 0.28894
 0 0.312747
 0 0.312543
 0 0.292013
 0 0.310098
 0 0.305407
 0 0.329443
 0 0.308705
 0 0.350185
 0 0.326452
 0 0.292769
 0 0.316071
 0 0.282203
 0 0.318745
 0 0.311305
 0 0.316885
 0 0.327574
 0 0.32973
 0 0.304745
 0 0.306068
 0 0.30076
 0 0.325157
 0 0.316794
 0 0.328764
 0 0.309731
 0 0.332467
 0 0.302436
 0 0.315744
 0 0.303415
 0 0.276457
 0 0.319737
 0 0.291753
 0 0.304485
 0 0.316758
 0 0.331364
 0 0.306289
 0 0.260021
 0 0.30677
 0 0.321441
 0 0.316794
 0 0.299821
 0 0.315172
 0 0.337166
 0 0.33333
 0 0.304482
 0 0.325312
 0 0.300333
 0 0.315305
 0 0.307618
 0 0.313903
 0 0.278725
 0 0.280465
 0 0.332259
 0 0.314382
 0 0.303673
 0 0.321287
 0 0.310041
 0 0.33416
 0 0.317218
 0 0.318769
 0 0.331746
 0 0.326025
 0 0.305577
 0 0.309965
 0 0.297992
 0 0.326059
 0 0.310489
 0 0.323315
 0 0.321247
 0 0.286709
 0 0.302573
 0 0.318339
 0 0.318304
 0 0.32248
 0 0.29745
 0 0.322929
 0 0.300493
 0 0.315421
 0 0.307416
 0 0.31155
 0 0.34462
 0 0.293607
 0 0.29446
 0 0.328886
 0 0.323673
 0 0.315692
 0 0.32298
 0 0.299482
 0 0.353313
 0 0.305966
 0 0.287525
 0 0.308126
 0 0.318952
 0 0.322744
 0 0.333791
 0 0.341829
 0 0.303333
 0 0.335016
 0 0.305215
 0 0.284044
 0 0.30068
 0 0.325434
 0 0.290721
 0 0.325908
 0 0.300671
 0 0.348875
 0 0.346614
 0 0.324519
 0 0.319308
 0 0.305549
 0 0.309388
 0 0.282486
 0 0.290849
 0 0.337284
 0 0.283695
 0 0.342295
 0 0.293794
 0 0.337563
 0 0.322772
 0 0.299057
 0 0.334051
 0 0.279471
 0 0.289565
 0 0.319447
 0 0.300206
 0 0.324304
 0 0.289338
 0 0.340525
 0 0.292486
 0 0.315157
 0 0.347465
 0 0.286006
 0 0.32643
 0 0.30502
 0 0.299545
 0 0.316542
 0 0.325053
 0 0.304919
 0 0.316321
 0 0.303544
 0 0.281932
 0 0.357882
 0 0.301299
 0 0.313694
 0 0.312802
 0 0.310954
 0 0.322978
 0 0.315439
 0 0.323699
 0 0.317633
 0 0.325305
 0 0.313989
 0 0.315263
 0 0.336134
 0 0.333977
 0 0.310524
 0 0.323926
 0 0.331208
 0 0.315615
 0 0.318344
 0 0.32946
 0 0.323216
 0 0.307901
 0 0.313103
 0 0.335518
 0 0.312268
 0 0.30835
 0 0.308647
 0 0.295426
 0 0.297449
 0 0.329201
 0 0.311432
 0 0.318063
 0 0.294704
 0 0.31583
 0 0.318009
 0 0.313042
 0 0.316133
 0 0.31177
 0 0.307825
 0 0.299423
 0 0.302347
 0 0.344979
 0 0.324233
 0 0.332878
 0 0.333768
 0 0.317683
 0 0.333544
 0 0.329807
 0 0.328887
 0 0.316164
 0 0.359869
 0 0.30544
 0 0.297811
 0 0.329646
 0 0.310639
 0 0.328572
 0 0.30579
 0 0.318828
 0 0.321144
 0 0.311406
 0 0.322027
 0 0.338833
 0 0.311774
 0 0.301295
 0 0.293732
 0 0.304788
 0 0.345593
 0 0.332836
 0 0.317121
 0 0.317825
 0 0.346891
 0 0.335236
 0 0.338796
 0 0.332184
 0 0.305998
 0 0.307948
 0 0.30682
 0 0.320887
 0 0.316572
 0 0.304637
 0 0.283358
 0 0.333336
 0 0.313575
 0 0.318159
 0 0.30232
 0 0.35391
 0 0.318351
 0 0.322199
 0 0.331275
 0 0.317383
 0 0.305355
 0 0.329952
 0 0.320812
 0 0.326135
 0 0.319138
 0 0.322972
 0 0.288198
 0 0.316932
 0 0.325237
 0 0.323584
 0 0.361852
 0 0.333557
 0 0.344362
 0 0.303885
 0 0.332608
 0 0.37164
 0 0.300339
 0 0.334761
 0 0.329804
 0 0.342158
 0 0.316783
 0 0.327321
 0 0.32347
 0 0.326113
 0 0.340128
 0 0.324309
 0 0.324987
 0 0.338935
 0 0.324798
 0 0.323644
 0 0.328719
 0 0.322283
 0 0.326899
 0 0.328202
 0 0.309455
 0 0.313168
 0 0.323297
 0 0.327178
 0 0.325528
 0 0.35011
 0 0.315344
 0 0.332702
 0 0.351349
 0 0.329973
 0 0.306905
 0 0.313703
 0 0.330999
 0 0.333665
 0 0.325192
 0 0.328387
 0 0.302301
 0 0.307118
 0 0.339828
 0 0.327801
 0 0.339514
 0 0.327658
 0 0.320003
 0 0.324034
 0 0.304184
 0 0.309546
 0 0.309297
 0 0.302794
 0 0.329439
 0 0.330796
 0 0.323045
 0 0.320393
 0 0.318418
 0 0.329575
 0 0.312677
 0 0.30783
 0 0.324289
 0 0.309162
 0 0.31321
 0 0.332466
 0 0.316268
 0 0.329362
 0 0.311491
 0 0.312511
 0 0.335844
 0 0.286949
 0 0.314679
 0 0.325932
 0 0.355157
 0 0.303429
 0 0.317332
 0 0.340491
 0 0.311595
 0 0.342865
 0 0.346122
 0 0.301521
 0 0.338414
 0 0.313035
 0 0.315888
 0 0.328863
 0 0.315872
 0 0.305957
 0 0.299872
 0 0.324298
 0 0.300075
 0 0.304027
 0 0.30284
 0 0.325338
 0 0.316414
 0 0.364639
 0 0.329441
 0 0.330402
 0 0.321398
 0 0.330359
 0 0.342485
 0 0.329362
 0 0.302282
 0 0.314149
 0 0.309258
 0 0.344395
 0 0.294615
 0 0.316635
 0 0.301959
 0 0.31565
 0 0.329629
 0 0.312693
 0 0.32869
 0 0.282494
 0 0.315536
 0 0.317016
 0 0.332803
 0 0.313191
 0 0.322268
 0 0.32875
 0 0.314684
 0 0.325142
 0 0.275361
 0 0.294097
 0 0.317563
 0 0.30133
 0 0.342606
 0 0.317246
 0 0.327629
 0 0.313565
 0 0.331308
 0 0.321821
 0 0.332261
 0 0.292806
 0 0.310394
 0 0.325544
 0 0.285132
 0 0.341335
 0 0.303087
 0 0.325212
 0 0.322669
 0 0.303517
 0 0.325125
 0 0.309689
 0 0.320144
 0 0.315169
 0 0.336103
 0 0.323288
 0 0.31573
 0 0.320064
 0 0.290704
 0 0.331189
 0 0.321687
 0 0.352728
 0 0.319191
 0 0.329751
 0 0.308189
 0 0.331173
 0 0.327293
 0 0.313783
 0 0.294822
 0 0.327993
 0 0.312421
 0 0.340515
 0 0.336564
 0 0.324884
 0 0.328461
 0 0.329879
 0 0.331605
 0 0.297375
 0 0.32923
 0 0.296828
 0 0.320422
 0 0.314607
 0 0.331103
 0 0.337024
 0 0.325578
 0 0.323906
 0 0.315664
 0 0.341185
 0 0.350188
 0 0.309381
 0 0.333998
 0 0.32997
 0 0.345297
 0 0.326548
 0 0.34477
 0 0.343857
 0 0.308396
 0 0.312696
 0 0.320106
 0 0.291863
 0 0.296894
 0 0.305246
 0 0.30413
 0 0.327264
 0 0.334365
 0 0.296866
 0 0.294332
 0 0.321059
 0 0.329001
 0 0.316899
 0 0.299307
 0 0.310813
 0 0.334991
 0 0.316141
 0 0.331135
 0 0.264865
 0 0.305642
 0 0.296082
 0 0.274475
 0 0.304691
 0 0.315961
 0 0.34019
 0 0.297484
 0 0.301437
 0 0.300948
 0 0.342068
 0 0.334037
 0 0.342935
 0 0.333524
 0 0.317795
 0 0.32168
 0 0.334856
 0 0.321893
 0 0.30609
 0 0.321346
 0 0.335134
 0 0.311777
 0 0.333079
