553 1 0 0 1
 0 0.32483
 0 0.507036
 0 0.641387
 0 0.397232
 0 0.448181
 0 0.321172
 0 0.727493
 0 0.477444
 0 0.221694
 0 0.0318463
 0 0.216001
 0 0.548402
 0 0.440416
 0 0.270215
 0 0.527128
 0 0.438984
 0 0.335926
 0 0.908689
 0 0.362252
 0 0.417379
 0 0.0557328
 0 0.194041
 0 0.21246
 0 0.127401
 0 0.763767
 0 0.250908
 0 0.321062
 0 0.281496
 0 0.367706
 0 0.278436
 0 0.577567
 0 0.65219
 0 0.442296
 0 0.695516
 0 0.121839
 0 0.351366
 0 0.407067
 0 0.523786
 0 0.146237
 0 0.51426
 0 0.677463
 0 0.34812
 0 0.16939
 0 0.0762022
 0 0.2723
 0 0.389547
 0 0.594485
 0 0.160901
 0 0.295492
 0 0.395381
 0 0.475421
 0 0.232955
 0 0.335213
 0 0.976799
 0 0.327959
 0 0.282468
 0 0.264479
 0 0.150552
 0 0.394216
 0 0.493069
 0 0.560331
 0 0.380285
 0 0.325628
 0 0.34936
 0 0.503564
 0 0.682738
 0 0.0582916
 0 0.078614
 0 0.00385436
 0 0.343218
 0 0.110564
 0 0.418825
 0 0.518345
 0 0.0881621
 0 0.196113
 0 0.611311
 0 0.425299
 0 0.264729
 0 0.220862
 0 0.425087
 0 0.469606
 0 0.301081
 0 0.732223
 0 -0.0920852
 0 0.221798
 0 0.642578
 0 0.304081
 0 0.0759969
 0 0.139846
 0 -0.124926
 0 0.8837
 0 0.475106
 0 0.640334
 0 0.494475
 0 0.413811
 0 0.287057
 0 0.23073
 0 0.484104
 0 0.502793
 0 0.283488
 0 0.416369
 0 0.154601
 0 0.392457
 0 0.0855338
 0 0.330874
 0 0.346584
 0 0.498067
 0 0.256444
 0 0.547051
 0 0.216602
 0 0.211201
 0 0.423022
 0 0.241425
 0 0.299944
 0 0.232301
 0 0.675692
 0 0.30797
 0 0.159034
 0 0.242699
 0 0.221342
 0 0.399871
 0 0.313322
 0 0.428158
 0 0.466341
 0 0.169474
 0 0.265436
 0 0.00494024
 0 0.402026
 0 0.390097
 0 0.66986
 0 0.273005
 0 0.329127
 0 0.47962
 0 0.143027
 0 0.598224
 0 0.102262
 0 0.614844
 0 0.32443
 0 0.377709
 0 0.703159
 0 0.283895
 0 0.340699
 0 0.295969
 0 0.0142855
 0 0.346722
 0 0.394196
 0 0.385879
 0 0.350696
 0 0.0775359
 0 0.672206
 0 0.430379
 0 0.751239
 0 0.278373
 0 0.421385
 0 0.140435
 0 0.495533
 0 0.060245
 0 0.2067
 0 0.226869
 0 0.253411
 0 0.551792
 0 0.275409
 0 0.143499
 0 0.418756
 0 0.194138
 0 -0.144356
 0 0.310542
 0 0.429613
 0 0.194636
 0 0.403653
 0 0.32523
 0 0.246812
 0 0.462806
 0 0.183359
 0 0.479392
 0 0.126402
 0 0.439669
 0 0.18992
 0 0.188813
 0 0.0416223
 0 0.288494
 0 0.524271
 0 0.654384
 0 0.455288
 0 0.33136
 0 0.410629
 0 0.438921
 0 0.23819
 0 0.278056
 0 0.600148
 0 0.177151
 0 0.251009
 0 0.73053
 0 0.377829
 0 0.620593
 0 0.465462
 0 0.530703
 0 0.200023
 0 0.138056
 0 0.664402
 0 0.137754
 0 0.30749
 0 0.335932
 0 0.508458
 0 0.200129
 0 0.435888
 0 0.586965
 0 0.374344
 0 0.506505
 0 0.344278
 0 0.00157307
 0 0.387729
 0 -0.134581
 0 0.327502
 0 0.264329
 0 0.779972
 0 0.873528
 0 0.228895
 0 0.506102
 0 0.215383
 0 0.0536246
 0 0.208437
 0 0.226101
 0 0.301128
 0 0.673954
 0 0.327079
 0 0.156699
 0 0.195934
 0 0.397091
 0 0.339565
 0 0.735551
 0 0.500187
 0 0.378261
 0 0.601358
 0 0.0854429
 0 0.244852
 0 0.0897047
 0 0.304643
 0 0.653808
 0 0.695962
 0 0.697914
 0 0.0613541
 0 0.289072
 0 0.168276
 0 0.394287
 0 0.596884
 0 0.288075
 0 0.266069
 0 0.106257
 0 0.144781
 0 0.491483
 0 0.649994
 0 0.455495
 0 0.482636
 0 0.187167
 0 0.15173
 0 0.532684
 0 0.355939
 0 0.602304
 0 0.795266
 0 0.182902
 0 0.090127
 0 0.373138
 0 0.205104
 0 0.526958
 0 0.36237
 0 0.484203
 0 0.415995
 0 0.307712
 0 0.460704
 0 0.361515
 0 0.141646
 0 0.518626
 0 0.241512
 0 0.194875
 0 0.387525
 0 0.568524
 0 0.140804
 0 0.600347
 0 0.185368
 0 0.162799
 0 0.2514
 0 0.515966
 0 0.209178
 0 0.168872
 0 0.845431
 0 0.138501
 0 0.221681
 0 0.371457
 0 0.475555
 0 0.7749
 0 0.348719
 0 0.0771976
 0 0.38177
 0 0.192238
 0 0.242683
 0 0.0722024
 0 0.300171
 0 0.474274
 0 0.312489
 0 0.330643
 0 0.0945968
 0 0.160724
 0 0.601804
 0 0.182933
 0 0.311729
 0 0.292496
 0 0.0405442
 0 0.626376
 0 0.55501
 0 0.119696
 0 0.261608
 0 0.683562
 0 0.0892625
 0 0.228112
 0 0.284936
 0 0.514042
 0 0.437701
 0 0.723706
 0 0.445352
 0 0.056577
 0 0.556662
 0 0.417633
 0 0.295033
 0 0.763393
 0 0.365082
 0 0.132591
 0 0.768806
 0 0.0148747
 0 0.289549
 0 0.555884
 0 0.0371795
 0 0.608986
 0 0.351693
 0 0.267909
 0 0.24109
 0 0.404635
 0 0.528525
 0 0.533697
 0 0.679051
 0 0.795081
 0 -0.0669513
 0 0.355466
 0 0.284458
 0 0.0699253
 0 0.186298
 0 0.491563
 0 0.0105092
 0 0.842204
 0 0.504715
 0 0.516015
 0 0.325888
 0 0.255723
 0 0.512962
 0 0.999355
 0 0.607641
 0 0.525154
 0 0.14157
 0 0.350036
 0 0.194188
 0 0.255106
 0 0.128273
 0 0.451367
 0 0.264896
 0 0.0964384
 0 0.093286
 0 0.53618
 0 0.351372
 0 0.15234
 0 0.295499
 0 0.380474
 0 0.594134
 0 0.283165
 0 0.0418021
 0 0.963407
 0 0.238769
 0 0.0854218
 0 0.106326
 0 0.313984
 0 0.416616
 0 0.0608583
 0 0.277019
 0 0.43897
 0 0.5901
 0 0.49211
 0 0.28549
 0 0.420772
 0 0.449069
 0 0.35301
 0 0.389191
 0 0.611331
 0 0.353052
 0 0.542499
 0 0.315828
 0 0.0500619
 0 0.231439
 0 0.0865474
 0 0.687896
 0 0.454113
 0 0.37703
 0 0.321385
 0 0.149308
 0 0.456214
 0 0.350563
 0 0.467272
 0 0.225208
 0 0.327889
 0 0.712155
 0 0.519509
 0 0.659003
 0 0.353125
 0 0.240903
 0 0.103552
 0 0.0942379
 0 0.224383
 0 0.0376029
 0 0.398713
 0 0.479231
 0 0.136189
 0 0.471422
 0 0.298443
 0 0.170129
 0 0.341925
 0 0.392963
 0 0.433986
 0 0.468732
 0 0.367361
 0 0.189635
 0 0.521583
 0 0.604925
 0 0.260354
 0 0.462375
 0 0.627565
 0 -0.0698269
 0 0.404955
 0 0.512415
 0 0.192548
 0 0.28637
 0 0.468543
 0 0.193439
 0 0.583335
 0 0.25745
 0 0.351354
 0 0.25337
 0 0.200318
 0 0.263839
 0 0.432148
 0 0.342914
 0 -0.0109011
 0 0.118338
 0 0.318997
 0 0.11986
 0 0.371633
 0 0.312334
 0 0.327752
 0 0.510694
 0 0.41044
 0 0.81957
 0 0.348843
 0 0.145399
 0 0.168687
 0 0.158785
 0 0.335871
 0 0.298782
 0 0.334629
 0 0.246735
 0 0.0615448
 0 0.200764
 0 0.233101
 0 0.740884
 0 0.614134
 0 0.653266
 0 0.313151
 0 0.140507
 0 0.302594
 0 0.0687157
 0 0.544806
 0 0.628354
 0 -0.0820519
 0 0.509362
 0 0.205916
 0 0.183478
 0 0.413093
 0 0.280129
 0 0.655654
 0 0.173016
 0 0.294563
 0 0.204604
 0 0.261343
 0 0.150483
 0 0.266618
 0 0.408995
 0 0.567905
 0 0.341011
 0 0.281901
 0 -0.136172
 0 0.301395
 0 0.347275
 0 0.377736
 0 0.714244
 0 0.296232
 0 -0.00814524
 0 0.326233
 0 0.43379
 0 0.373787
 0 0.222718
 0 0.262497
 0 0.415643
 0 0.762953
 0 0.317269
 0 0.0811046
 0 0.34658
 0 0.161332
 0 0.28747
 0 0.11863
 0 0.474792
 0 0.319433
 0 0.38413
 0 0.662919
 0 0.372696
 0 -0.07549
 0 0.169186
 0 0.761314
 0 0.0517597
 0 -0.00162206
 0 0.174606
 0 0.267166
 0 0.369841
 0 -0.137283
 0 0.488914
 0 0.310335
 0 0.498924
 0 0.421703
 0 0.387126
 0 0.667591
 0 0.17699
 0 0.253266
 0 0.235566
 0 0.383313
 0 0.296932
 0 0.483626
 0 0.387525
 0 0.196724
 0 0.222392
 0 0.398386
 0 0.234457
 0 0.415018
 0 0.233329
 0 0.439067
 0 0.362729
 0 0.403142
 0 0.216329
 0 0.159291
