603 1 0 0 1
 0 0.322693
 0 0.348138
 0 0.332274
 0 0.330495
 0 0.35239
 0 0.357914
 0 0.330853
 0 0.344957
 0 0.313699
 0 0.352792
 0 0.379735
 0 0.333444
 0 0.317827
 0 0.370962
 0 0.344352
 0 0.357484
 0 0.313259
 0 0.326524
 0 0.323424
 0 0.333383
 0 0.303954
 0 0.364537
 0 0.382474
 0 0.341
 0 0.316551
 0 0.323485
 0 0.321758
 0 0.377645
 0 0.339115
 0 0.371092
 0 0.300688
 0 0.348097
 0 0.335561
 0 0.311065
 0 0.32554
 0 0.37281
 0 0.325997
 0 0.336158
 0 0.32314
 0 0.342649
 0 0.36666
 0 0.323126
 0 0.356851
 0 0.330258
 0 0.357106
 0 0.323903
 0 0.339162
 0 0.324509
 0 0.34542
 0 0.326747
 0 0.312529
 0 0.376621
 0 0.334631
 0 0.307387
 0 0.375718
 0 0.351452
 0 0.374054
 0 0.356635
 0 0.317707
 0 0.317603
 0 0.334991
 0 0.366772
 0 0.349997
 0 0.343688
 0 0.351904
 0 0.326978
 0 0.320117
 0 0.325281
 0 0.33946
 0 0.338979
 0 0.341833
 0 0.345877
 0 0.340146
 0 0.347333
 0 0.384353
 0 0.313756
 0 0.346737
 0 0.320986
 0 0.371653
 0 0.361277
 0 0.32882
 0 0.323841
 0 0.347795
 0 0.333028
 0 0.304676
 0 0.354869
 0 0.334993
 0 0.367385
 0 0.322423
 0 0.329051
 0 0.362228
 0 0.355352
 0 0.345018
 0 0.373573
 0 0.342906
 0 0.323315
 0 0.351107
 0 0.360476
 0 0.350986
 0 0.343141
 0 0.336013
 0 0.341651
 0 0.332124
 0 0.326162
 0 0.356254
 0 0.341825
 0 0.352086
 0 0.3517
 0 0.325528
 0 0.320994
 0 0.325532
 0 0.295095
 0 0.306741
 0 0.338094
 0 0.325015
 0 0.348045
 0 0.32378
 0 0.407766
 0 0.359932
 0 0.346982
 0 0.325097
 0 0.33638
 0 0.345435
 0 0.330031
 0 0.345793
 0 0.330922
 0 0.373075
 0 0.347634
 0 0.338359
 0 0.333773
 0 0.342135
 0 0.309054
 0 0.333995
 0 0.359056
 0 0.325236
 0 0.336673
 0 0.317313
 0 0.322989
 0 0.329865
 0 0.380507
 0 0.36073
 0 0.329706
 0 0.329239
 0 0.364822
 0 0.328294
 0 0.34867
 0 0.35425
 0 0.354525
 0 0.314972
 0 0.332837
 0 0.351452
 0 0.343064
 0 0.292572
 0 0.37263
 0 0.339644
 0 0.332242
 0 0.36201
 0 0.371985
 0 0.335972
 0 0.340119
 0 0.359134
 0 0.333986
 0 0.328716
 0 0.29894
 0 0.339546
 0 0.341538
 0 0.355171
 0 0.328684
 0 0.344384
 0 0.332505
 0 0.369441
 0 0.352577
 0 0.309941
 0 0.352754
 0 0.329676
 0 0.324007
 0 0.367296
 0 0.336933
 0 0.325034
 0 0.30845
 0 0.337661
 0 0.35087
 0 0.32126
 0 0.336105
 0 0.34367
 0 0.348996
 0 0.27931
 0 0.34762
 0 0.375926
 0 0.357041
 0 0.322459
 0 0.339224
 0 0.318939
 0 0.311621
 0 0.313015
 0 0.351218
 0 0.335833
 0 0.303602
 0 0.33286
 0 0.343191
 0 0.357657
 0 0.358193
 0 0.323376
 0 0.353071
 0 0.319656
 0 0.356702
 0 0.334447
 0 0.336973
 0 0.357358
 0 0.326048
 0 0.371704
 0 0.360778
 0 0.290719
 0 0.354609
 0 0.363705
 0 0.339214
 0 0.362304
 0 0.352939
 0 0.370128
 0 0.311079
 0 0.317499
 0 0.327744
 0 0.333833
 0 0.360077
 0 0.325208
 0 0.321633
 0 0.344651
 0 0.331661
 0 0.324859
 0 0.355333
 0 0.310875
 0 0.363559
 0 0.347047
 0 0.312248
 0 0.336552
 0 0.341085
 0 0.32297
 0 0.340622
 0 0.326871
 0 0.322759
 0 0.303086
 0 0.35857
 0 0.329863
 0 0.354436
 0 0.290205
 0 0.398236
 0 0.392958
 0 0.336135
 0 0.315775
 0 0.312082
 0 0.36198
 0 0.364306
 0 0.351417
 0 0.373649
 0 0.332658
 0 0.319178
 0 0.338587
 0 0.336258
 0 0.335492
 0 0.313905
 0 0.364196
 0 0.338184
 0 0.306242
 0 0.331175
 0 0.379298
 0 0.318101
 0 0.355209
 0 0.376331
 0 0.331755
 0 0.35563
 0 0.360311
 0 0.345694
 0 0.34821
 0 0.346353
 0 0.368543
 0 0.345324
 0 0.307462
 0 0.291697
 0 0.33072
 0 0.314223
 0 0.383231
 0 0.340362
 0 0.307661
 0 0.332944
 0 0.357365
 0 0.332193
 0 0.364863
 0 0.34407
 0 0.336219
 0 0.357763
 0 0.356747
 0 0.327919
 0 0.32462
 0 0.335737
 0 0.33582
 0 0.315259
 0 0.339299
 0 0.368029
 0 0.316313
 0 0.234957
 0 0.33465
 0 0.369596
 0 0.329235
 0 0.328078
 0 0.328485
 0 0.344348
 0 0.361336
 0 0.320793
 0 0.317734
 0 0.350093
 0 0.318382
 0 0.354224
 0 0.344135
 0 0.363889
 0 0.32483
 0 0.351109
 0 0.355039
 0 0.323034
 0 0.31541
 0 0.356591
 0 0.328106
 0 0.349252
 0 0.357876
 0 0.362097
 0 0.365544
 0 0.33938
 0 0.307903
 0 0.347975
 0 0.341897
 0 0.349046
 0 0.345317
 0 0.377499
 0 0.366667
 0 0.335641
 0 0.350073
 0 0.364161
 0 0.349484
 0 0.352564
 0 0.359998
 0 0.354525
 0 0.29434
 0 0.353462
 0 0.355143
 0 0.353582
 0 0.324198
 0 0.345303
 0 0.371503
 0 0.281226
 0 0.341259
 0 0.32415
 0 0.328342
 0 0.288754
 0 0.373017
 0 0.345745
 0 0.395629
 0 0.335359
 0 0.35168
 0 0.323722
 0 0.332737
 0 0.322377
 0 0.325037
 0 0.342549
 0 0.318759
 0 0.35751
 0 0.309952
 0 0.315851
 0 0.327126
 0 0.358367
 0 0.322456
 0 0.355418
 0 0.356915
 0 0.324341
 0 0.326365
 0 0.365747
 0 0.348768
 0 0.338093
 0 0.314623
 0 0.37552
 0 0.314812
 0 0.343866
 0 0.336438
 0 0.331388
 0 0.333073
 0 0.350617
 0 0.342971
 0 0.321355
 0 0.335761
 0 0.315652
 0 0.289155
 0 0.333947
 0 0.308171
 0 0.32296
 0 0.351344
 0 0.327405
 0 0.342156
 0 0.311515
 0 0.297208
 0 0.343744
 0 0.351479
 0 0.331276
 0 0.324383
 0 0.373108
 0 0.355807
 0 0.351511
 0 0.356253
 0 0.315738
 0 0.356846
 0 0.374526
 0 0.307766
 0 0.319175
 0 0.342826
 0 0.340627
 0 0.332579
 0 0.353243
 0 0.344826
 0 0.33093
 0 0.329373
 0 0.333074
 0 0.334324
 0 0.344754
 0 0.337697
 0 0.317439
 0 0.337583
 0 0.346729
 0 0.306967
 0 0.332023
 0 0.305247
 0 0.336024
 0 0.371973
 0 0.356121
 0 0.328958
 0 0.366518
 0 0.361001
 0 0.362272
 0 0.333971
 0 0.320302
 0 0.336159
 0 0.359855
 0 0.304833
 0 0.311574
 0 0.364872
 0 0.344404
 0 0.368586
 0 0.360864
 0 0.335508
 0 0.350226
 0 0.356873
 0 0.363243
 0 0.345216
 0 0.377631
 0 0.373763
 0 0.351949
 0 0.33004
 0 0.346621
 0 0.333054
 0 0.352134
 0 0.302213
 0 0.332771
 0 0.354211
 0 0.319427
 0 0.353134
 0 0.372744
 0 0.37277
 0 0.329848
 0 0.354355
 0 0.336517
 0 0.362201
 0 0.370059
 0 0.347013
 0 0.323058
 0 0.341802
 0 0.408529
 0 0.389431
 0 0.299761
 0 0.378354
 0 0.353802
 0 0.35906
 0 0.3201
 0 0.326668
 0 0.317696
 0 0.349468
 0 0.362484
 0 0.359982
 0 0.288969
 0 0.357204
 0 0.343947
 0 0.317922
 0 0.322153
 0 0.361916
 0 0.353189
 0 0.34473
 0 0.348303
 0 0.360521
 0 0.317462
 0 0.335856
 0 0.338258
 0 0.334094
 0 0.344021
 0 0.327747
 0 0.328376
 0 0.360907
 0 0.367938
 0 0.359958
 0 0.353958
 0 0.358248
 0 0.319574
 0 0.352122
 0 0.340813
 0 0.363128
 0 0.355481
 0 0.341013
 0 0.351219
 0 0.346222
 0 0.350697
 0 0.355536
 0 0.330245
 0 0.350123
 0 0.328321
 0 0.304009
 0 0.39254
 0 0.343376
 0 0.309282
 0 0.392046
 0 0.326251
 0 0.343979
 0 0.348401
 0 0.319832
 0 0.356458
 0 0.35086
 0 0.268899
 0 0.322923
 0 0.343864
 0 0.376318
 0 0.347705
 0 0.346595
 0 0.340445
 0 0.303187
 0 0.35748
 0 0.348743
 0 0.331673
 0 0.358518
 0 0.367744
 0 0.358141
 0 0.37303
 0 0.32457
 0 0.346515
 0 0.38451
 0 0.350713
 0 0.293532
 0 0.361282
 0 0.38387
 0 0.334664
 0 0.324322
 0 0.367516
 0 0.334568
 0 0.313961
 0 0.347867
 0 0.336037
 0 0.315044
 0 0.341896
 0 0.349111
 0 0.338132
 0 0.356732
 0 0.344286
 0 0.319768
 0 0.324639
 0 0.380078
 0 0.343407
 0 0.32793
 0 0.32899
 0 0.301797
 0 0.342903
 0 0.367426
 0 0.358802
 0 0.322239
 0 0.3421
 0 0.349053
 0 0.346032
 0 0.328031
 0 0.328146
 0 0.359745
 0 0.294767
 0 0.361408
 0 0.352277
 0 0.324349
 0 0.349647
 0 0.328398
 0 0.334063
 0 0.286827
 0 0.32859
 0 0.338846
 0 0.352268
 0 0.351809
 0 0.333621
 0 0.349182
 0 0.397044
 0 0.343121
 0 0.347582
 0 0.332975
 0 0.356455
 0 0.351368
 0 0.334919
 0 0.344541
