603 1 0 0 1
 0 0.393947
 0 0.382349
 0 0.391122
 0 0.370979
 0 0.422512
 0 0.437356
 0 0.381793
 0 0.39663
 0 0.376098
 0 0.411189
 0 0.432503
 0 0.411687
 0 0.380567
 0 0.399006
 0 0.409695
 0 0.417434
 0 0.375696
 0 0.412817
 0 0.388608
 0 0.403392
 0 0.379489
 0 0.406125
 0 0.4386
 0 0.399225
 0 0.370593
 0 0.413749
 0 0.398675
 0 0.447047
 0 0.401092
 0 0.425927
 0 0.370456
 0 0.40514
 0 0.388898
 0 0.390101
 0 0.377326
 0 0.433705
 0 0.392738
 0 0.392095
 0 0.391513
 0 0.401682
 0 0.418344
 0 0.374428
 0 0.410508
 0 0.389983
 0 0.422084
 0 0.355503
 0 0.38311
 0 0.400267
 0 0.410244
 0 0.387518
 0 0.366218
 0 0.443568
 0 0.387134
 0 0.305909
 0 0.455243
 0 0.410181
 0 0.444147
 0 0.412045
 0 0.353949
 0 0.393565
 0 0.390651
 0 0.417732
 0 0.41552
 0 0.40762
 0 0.398149
 0 0.398718
 0 0.375225
 0 0.378981
 0 0.406388
 0 0.411616
 0 0.365966
 0 0.425238
 0 0.399668
 0 0.404345
 0 0.441867
 0 0.360922
 0 0.426016
 0 0.354483
 0 0.441017
 0 0.401776
 0 0.382232
 0 0.387415
 0 0.42908
 0 0.378098
 0 0.390379
 0 0.428055
 0 0.369993
 0 0.437338
 0 0.389348
 0 0.390877
 0 0.420118
 0 0.41189
 0 0.399652
 0 0.435509
 0 0.415188
 0 0.378664
 0 0.42477
 0 0.431454
 0 0.406163
 0 0.414779
 0 0.407591
 0 0.380342
 0 0.385031
 0 0.39554
 0 0.430348
 0 0.416994
 0 0.400346
 0 0.429655
 0 0.386346
 0 0.410788
 0 0.385119
 0 0.380747
 0 0.371889
 0 0.378501
 0 0.39816
 0 0.415674
 0 0.372239
 0 0.461981
 0 0.426527
 0 0.40723
 0 0.39484
 0 0.3802
 0 0.413062
 0 0.388378
 0 0.41026
 0 0.387007
 0 0.443926
 0 0.413103
 0 0.359542
 0 0.383593
 0 0.405013
 0 0.369718
 0 0.414249
 0 0.421654
 0 0.395515
 0 0.376927
 0 0.377452
 0 0.370222
 0 0.387611
 0 0.434868
 0 0.437214
 0 0.395828
 0 0.376343
 0 0.431215
 0 0.408578
 0 0.395009
 0 0.398202
 0 0.42459
 0 0.381172
 0 0.387839
 0 0.403234
 0 0.396887
 0 0.365742
 0 0.419896
 0 0.406448
 0 0.401909
 0 0.416511
 0 0.419186
 0 0.379387
 0 0.394792
 0 0.404441
 0 0.3946
 0 0.401054
 0 0.368096
 0 0.392237
 0 0.396941
 0 0.390704
 0 0.395224
 0 0.402538
 0 0.39513
 0 0.420433
 0 0.384861
 0 0.372251
 0 0.413997
 0 0.406101
 0 0.386278
 0 0.429815
 0 0.391308
 0 0.392591
 0 0.377511
 0 0.397204
 0 0.407624
 0 0.381046
 0 0.405719
 0 0.412598
 0 0.39459
 0 0.348622
 0 0.384671
 0 0.439151
 0 0.417989
 0 0.390753
 0 0.39584
 0 0.378842
 0 0.377009
 0 0.376776
 0 0.420613
 0 0.42209
 0 0.38905
 0 0.391922
 0 0.398762
 0 0.428782
 0 0.417971
 0 0.390535
 0 0.408741
 0 0.385493
 0 0.422172
 0 0.395826
 0 0.397378
 0 0.418127
 0 0.397035
 0 0.424819
 0 0.405022
 0 0.354019
 0 0.414317
 0 0.430654
 0 0.420827
 0 0.430763
 0 0.407705
 0 0.415782
 0 0.366845
 0 0.372781
 0 0.380217
 0 0.393829
 0 0.417506
 0 0.402983
 0 0.398574
 0 0.396202
 0 0.38325
 0 0.362593
 0 0.439994
 0 0.349914
 0 0.426806
 0 0.401993
 0 0.355919
 0 0.410233
 0 0.413291
 0 0.364251
 0 0.411215
 0 0.386184
 0 0.4043
 0 0.385659
 0 0.395095
 0 0.379048
 0 0.402085
 0 0.342683
 0 0.419325
 0 0.440639
 0 0.370097
 0 0.373687
 0 0.337394
 0 0.43671
 0 0.420507
 0 0.401302
 0 0.458381
 0 0.382431
 0 0.381882
 0 0.351495
 0 0.399009
 0 0.411505
 0 0.412287
 0 0.425864
 0 0.394566
 0 0.384107
 0 0.39764
 0 0.416871
 0 0.385218
 0 0.398731
 0 0.423269
 0 0.411309
 0 0.401994
 0 0.419137
 0 0.392843
 0 0.407493
 0 0.39887
 0 0.433518
 0 0.393916
 0 0.34263
 0 0.385097
 0 0.408829
 0 0.361633
 0 0.432196
 0 0.395953
 0 0.366324
 0 0.39555
 0 0.40858
 0 0.4008
 0 0.435903
 0 0.411462
 0 0.400878
 0 0.431003
 0 0.411526
 0 0.383971
 0 0.402194
 0 0.386816
 0 0.403409
 0 0.39344
 0 0.388888
 0 0.412636
 0 0.387128
 0 0.336381
 0 0.403437
 0 0.424633
 0 0.406907
 0 0.359489
 0 0.40243
 0 0.411385
 0 0.41964
 0 0.363094
 0 0.372948
 0 0.39708
 0 0.382893
 0 0.421021
 0 0.404769
 0 0.432902
 0 0.354906
 0 0.444115
 0 0.413312
 0 0.371908
 0 0.403297
 0 0.402499
 0 0.377657
 0 0.386217
 0 0.422367
 0 0.44157
 0 0.415141
 0 0.40371
 0 0.366952
 0 0.402055
 0 0.406992
 0 0.402068
 0 0.388762
 0 0.440976
 0 0.40338
 0 0.398666
 0 0.430733
 0 0.427916
 0 0.411892
 0 0.40034
 0 0.419595
 0 0.408947
 0 0.354866
 0 0.432764
 0 0.422801
 0 0.420132
 0 0.381496
 0 0.403126
 0 0.44552
 0 0.385264
 0 0.408345
 0 0.381429
 0 0.3957
 0 0.358656
 0 0.431099
 0 0.399243
 0 0.446417
 0 0.384111
 0 0.417153
 0 0.374757
 0 0.400199
 0 0.387343
 0 0.40085
 0 0.394383
 0 0.387733
 0 0.449398
 0 0.365209
 0 0.34229
 0 0.389649
 0 0.413004
 0 0.382976
 0 0.414902
 0 0.4089
 0 0.394936
 0 0.403772
 0 0.423236
 0 0.42801
 0 0.394542
 0 0.353582
 0 0.447405
 0 0.370191
 0 0.409773
 0 0.403977
 0 0.384264
 0 0.409663
 0 0.400429
 0 0.415465
 0 0.389096
 0 0.391064
 0 0.386255
 0 0.343539
 0 0.395039
 0 0.370312
 0 0.38797
 0 0.430748
 0 0.386744
 0 0.41662
 0 0.381787
 0 0.351963
 0 0.416497
 0 0.40887
 0 0.397925
 0 0.395876
 0 0.447121
 0 0.41838
 0 0.431106
 0 0.417258
 0 0.382191
 0 0.398325
 0 0.428492
 0 0.379947
 0 0.369432
 0 0.391003
 0 0.405787
 0 0.379927
 0 0.408756
 0 0.404415
 0 0.353674
 0 0.398718
 0 0.375788
 0 0.39804
 0 0.394995
 0 0.409759
 0 0.368053
 0 0.397597
 0 0.393033
 0 0.355593
 0 0.406335
 0 0.390175
 0 0.395891
 0 0.429226
 0 0.420835
 0 0.377688
 0 0.428527
 0 0.422223
 0 0.41767
 0 0.408134
 0 0.400319
 0 0.407621
 0 0.423212
 0 0.382543
 0 0.368337
 0 0.418863
 0 0.399586
 0 0.430071
 0 0.417522
 0 0.397738
 0 0.400262
 0 0.402131
 0 0.433043
 0 0.403437
 0 0.405249
 0 0.418147
 0 0.407531
 0 0.377244
 0 0.415671
 0 0.384823
 0 0.417292
 0 0.370801
 0 0.390883
 0 0.403537
 0 0.404941
 0 0.407357
 0 0.411326
 0 0.421001
 0 0.399698
 0 0.418004
 0 0.393811
 0 0.413144
 0 0.437438
 0 0.416358
 0 0.361003
 0 0.400884
 0 0.473515
 0 0.447521
 0 0.345575
 0 0.45219
 0 0.432368
 0 0.388637
 0 0.379741
 0 0.402411
 0 0.376774
 0 0.410214
 0 0.42841
 0 0.42425
 0 0.378719
 0 0.406769
 0 0.405124
 0 0.378295
 0 0.408775
 0 0.423761
 0 0.409477
 0 0.404691
 0 0.400233
 0 0.409795
 0 0.381967
 0 0.384616
 0 0.399931
 0 0.402091
 0 0.398001
 0 0.400562
 0 0.389293
 0 0.424098
 0 0.413259
 0 0.428099
 0 0.425677
 0 0.418115
 0 0.388385
 0 0.402235
 0 0.420465
 0 0.421816
 0 0.39885
 0 0.394455
 0 0.40274
 0 0.423355
 0 0.37877
 0 0.443441
 0 0.378244
 0 0.39937
 0 0.404452
 0 0.354395
 0 0.454662
 0 0.420647
 0 0.374953
 0 0.430614
 0 0.411762
 0 0.420655
 0 0.422538
 0 0.39649
 0 0.427161
 0 0.39794
 0 0.332967
 0 0.416207
 0 0.386932
 0 0.424066
 0 0.408075
 0 0.407229
 0 0.419622
 0 0.340585
 0 0.430512
 0 0.414769
 0 0.392819
 0 0.41845
 0 0.416013
 0 0.418423
 0 0.435298
 0 0.385652
 0 0.423414
 0 0.428265
 0 0.419311
 0 0.356503
 0 0.434423
 0 0.42008
 0 0.406436
 0 0.387779
 0 0.424699
 0 0.400418
 0 0.373332
 0 0.399714
 0 0.415203
 0 0.346024
 0 0.385092
 0 0.414545
 0 0.401839
 0 0.418752
 0 0.396757
 0 0.398694
 0 0.370104
 0 0.45669
 0 0.419915
 0 0.400121
 0 0.384954
 0 0.350184
 0 0.36628
 0 0.437225
 0 0.425552
 0 0.394544
 0 0.406103
 0 0.411497
 0 0.429802
 0 0.386348
 0 0.381575
 0 0.417162
 0 0.372028
 0 0.432915
 0 0.40965
 0 0.403993
 0 0.42454
 0 0.389261
 0 0.390116
 0 0.356529
 0 0.396939
 0 0.415788
 0 0.391206
 0 0.419609
 0 0.384681
 0 0.416989
 0 0.447016
 0 0.399296
 0 0.425327
 0 0.421023
 0 0.415893
 0 0.428776
 0 0.412659
 0 0.402528
