553 1 0 0 1
 0 0.302069
 0 0.311725
 0 0.311054
 0 0.296449
 0 0.315846
 0 0.30678
 0 0.345954
 0 0.323259
 0 0.319572
 0 0.331326
 0 0.339586
 0 0.330577
 0 0.303769
 0 0.326209
 0 0.287729
 0 0.31698
 0 0.306171
 0 0.329278
 0 0.338784
 0 0.3236
 0 0.348074
 0 0.323389
 0 0.327072
 0 0.313663
 0 0.32321
 0 0.320516
 0 0.312313
 0 0.324523
 0 0.314444
 0 0.306713
 0 0.328442
 0 0.311934
 0 0.307213
 0 0.356799
 0 0.334446
 0 0.328955
 0 0.325391
 0 0.310893
 0 0.321916
 0 0.321888
 0 0.308517
 0 0.324086
 0 0.31241
 0 0.294052
 0 0.324814
 0 0.315015
 0 0.339167
 0 0.30941
 0 0.315315
 0 0.310502
 0 0.330735
 0 0.315486
 0 0.322916
 0 0.321089
 0 0.296541
 0 0.312011
 0 0.341558
 0 0.330358
 0 0.333454
 0 0.343848
 0 0.324246
 0 0.315857
 0 0.325543
 0 0.329684
 0 0.334515
 0 0.323347
 0 0.305523
 0 0.281049
 0 0.324411
 0 0.314209
 0 0.352219
 0 0.338316
 0 0.318995
 0 0.296615
 0 0.314041
 0 0.317631
 0 0.300698
 0 0.32166
 0 0.332411
 0 0.331309
 0 0.321504
 0 0.326056
 0 0.335878
 0 0.339696
 0 0.299823
 0 0.317401
 0 0.316145
 0 0.296009
 0 0.309543
 0 0.302874
 0 0.312301
 0 0.306483
 0 0.336512
 0 0.335356
 0 0.317758
 0 0.311345
 0 0.266049
 0 0.31066
 0 0.310217
 0 0.318085
 0 0.320573
 0 0.324617
 0 0.30726
 0 0.310934
 0 0.298033
 0 0.328159
 0 0.303861
 0 0.321445
 0 0.300679
 0 0.335475
 0 0.315888
 0 0.309418
 0 0.298343
 0 0.295765
 0 0.30537
 0 0.293875
 0 0.302366
 0 0.323327
 0 0.332833
 0 0.294223
 0 0.297578
 0 0.304032
 0 0.316314
 0 0.309605
 0 0.300429
 0 0.316689
 0 0.337496
 0 0.32267
 0 0.311248
 0 0.318016
 0 0.311409
 0 0.322596
 0 0.313603
 0 0.313097
 0 0.285158
 0 0.27545
 0 0.346589
 0 0.311137
 0 0.311781
 0 0.330885
 0 0.310263
 0 0.34459
 0 0.309415
 0 0.318137
 0 0.331409
 0 0.318896
 0 0.302369
 0 0.309766
 0 0.302318
 0 0.313958
 0 0.315636
 0 0.324988
 0 0.329721
 0 0.296384
 0 0.310803
 0 0.315557
 0 0.324296
 0 0.316972
 0 0.288617
 0 0.319575
 0 0.316968
 0 0.309119
 0 0.300852
 0 0.309218
 0 0.328721
 0 0.311657
 0 0.299945
 0 0.328477
 0 0.318606
 0 0.320842
 0 0.319987
 0 0.299608
 0 0.351636
 0 0.305189
 0 0.291751
 0 0.300842
 0 0.31788
 0 0.315377
 0 0.347385
 0 0.339502
 0 0.304387
 0 0.320043
 0 0.304241
 0 0.291258
 0 0.309963
 0 0.328285
 0 0.279775
 0 0.319999
 0 0.294384
 0 0.332008
 0 0.326615
 0 0.336154
 0 0.32339
 0 0.315882
 0 0.313397
 0 0.2777
 0 0.296122
 0 0.329565
 0 0.2958
 0 0.332272
 0 0.31003
 0 0.332915
 0 0.315522
 0 0.295447
 0 0.325926
 0 0.287374
 0 0.304212
 0 0.319443
 0 0.277359
 0 0.319473
 0 0.306143
 0 0.325034
 0 0.296379
 0 0.322774
 0 0.333432
 0 0.273865
 0 0.313923
 0 0.306436
 0 0.303634
 0 0.316591
 0 0.326888
 0 0.317659
 0 0.319048
 0 0.307102
 0 0.297519
 0 0.359371
 0 0.314371
 0 0.321235
 0 0.325033
 0 0.306672
 0 0.323764
 0 0.308049
 0 0.332683
 0 0.307768
 0 0.336561
 0 0.319193
 0 0.304716
 0 0.338748
 0 0.323466
 0 0.309512
 0 0.31083
 0 0.330669
 0 0.308705
 0 0.313395
 0 0.337602
 0 0.327673
 0 0.301762
 0 0.32995
 0 0.337343
 0 0.314299
 0 0.306761
 0 0.309361
 0 0.28462
 0 0.304363
 0 0.319112
 0 0.325616
 0 0.328014
 0 0.313504
 0 0.305274
 0 0.32108
 0 0.320482
 0 0.328307
 0 0.307959
 0 0.301272
 0 0.292398
 0 0.308504
 0 0.330043
 0 0.320481
 0 0.32606
 0 0.334646
 0 0.322512
 0 0.334258
 0 0.323956
 0 0.314334
 0 0.299918
 0 0.347689
 0 0.295301
 0 0.309867
 0 0.321943
 0 0.300538
 0 0.317809
 0 0.320455
 0 0.327341
 0 0.319466
 0 0.309599
 0 0.305105
 0 0.332937
 0 0.313215
 0 0.308608
 0 0.303602
 0 0.305977
 0 0.342786
 0 0.314512
 0 0.311349
 0 0.330939
 0 0.325299
 0 0.330354
 0 0.326296
 0 0.330317
 0 0.302592
 0 0.323244
 0 0.308841
 0 0.307026
 0 0.304534
 0 0.306447
 0 0.285727
 0 0.326255
 0 0.306222
 0 0.294055
 0 0.318259
 0 0.351428
 0 0.322379
 0 0.329502
 0 0.323976
 0 0.307227
 0 0.321904
 0 0.318481
 0 0.31688
 0 0.32946
 0 0.315689
 0 0.319898
 0 0.290927
 0 0.322526
 0 0.320271
 0 0.31712
 0 0.343144
 0 0.339354
 0 0.340603
 0 0.317422
 0 0.333308
 0 0.35745
 0 0.333704
 0 0.329291
 0 0.336034
 0 0.313393
 0 0.310585
 0 0.332065
 0 0.328654
 0 0.335568
 0 0.335919
 0 0.323604
 0 0.32958
 0 0.337349
 0 0.328379
 0 0.332595
 0 0.330983
 0 0.330445
 0 0.322737
 0 0.327144
 0 0.314189
 0 0.319325
 0 0.313504
 0 0.318582
 0 0.31967
 0 0.329562
 0 0.327131
 0 0.32672
 0 0.348721
 0 0.314212
 0 0.317212
 0 0.324819
 0 0.317651
 0 0.334566
 0 0.322808
 0 0.321575
 0 0.303185
 0 0.31608
 0 0.322239
 0 0.326851
 0 0.34697
 0 0.325432
 0 0.309914
 0 0.320124
 0 0.313951
 0 0.313624
 0 0.31059
 0 0.30488
 0 0.329181
 0 0.326347
 0 0.320161
 0 0.320364
 0 0.325546
 0 0.319253
 0 0.30611
 0 0.318264
 0 0.315444
 0 0.32869
 0 0.323876
 0 0.337544
 0 0.316729
 0 0.331531
 0 0.315851
 0 0.306447
 0 0.32217
 0 0.276241
 0 0.314891
 0 0.344114
 0 0.336702
 0 0.292931
 0 0.313087
 0 0.342301
 0 0.320709
 0 0.340792
 0 0.355152
 0 0.294754
 0 0.327148
 0 0.316623
 0 0.313048
 0 0.324937
 0 0.32174
 0 0.307612
 0 0.306107
 0 0.329856
 0 0.294452
 0 0.296668
 0 0.297271
 0 0.326388
 0 0.310232
 0 0.353823
 0 0.315967
 0 0.333278
 0 0.323699
 0 0.312788
 0 0.329315
 0 0.325587
 0 0.301105
 0 0.310206
 0 0.314828
 0 0.339738
 0 0.305728
 0 0.299058
 0 0.30259
 0 0.323881
 0 0.331866
 0 0.310102
 0 0.322741
 0 0.288177
 0 0.319335
 0 0.306827
 0 0.346453
 0 0.314272
 0 0.317786
 0 0.323057
 0 0.315147
 0 0.323716
 0 0.284174
 0 0.299314
 0 0.313568
 0 0.315674
 0 0.31382
 0 0.302057
 0 0.334424
 0 0.317664
 0 0.334704
 0 0.318377
 0 0.335128
 0 0.303017
 0 0.307011
 0 0.312459
 0 0.295658
 0 0.345437
 0 0.314392
 0 0.316247
 0 0.325329
 0 0.314799
 0 0.312786
 0 0.318213
 0 0.323956
 0 0.309435
 0 0.333471
 0 0.316598
 0 0.318443
 0 0.313733
 0 0.296432
 0 0.330292
 0 0.30896
 0 0.349972
 0 0.320506
 0 0.336106
 0 0.314758
 0 0.325467
 0 0.326176
 0 0.302836
 0 0.296823
 0 0.325461
 0 0.307659
 0 0.330566
 0 0.333875
 0 0.311588
 0 0.327656
 0 0.338373
 0 0.319692
 0 0.311196
 0 0.332837
 0 0.308872
 0 0.31989
 0 0.334217
 0 0.320245
 0 0.332176
 0 0.320764
 0 0.314051
 0 0.325549
 0 0.329824
 0 0.334871
 0 0.302248
 0 0.328603
 0 0.328963
 0 0.337086
 0 0.3285
 0 0.330756
 0 0.337518
 0 0.312103
 0 0.315758
 0 0.323845
 0 0.278836
 0 0.305466
 0 0.308526
 0 0.311547
 0 0.328552
 0 0.329732
 0 0.296549
 0 0.313461
 0 0.31245
 0 0.311989
 0 0.314126
 0 0.29721
 0 0.30706
 0 0.329974
 0 0.306946
 0 0.321737
 0 0.274962
 0 0.310238
 0 0.297164
 0 0.28333
 0 0.307668
 0 0.31568
 0 0.341154
 0 0.304421
 0 0.302338
 0 0.300028
 0 0.326348
 0 0.323822
 0 0.329708
 0 0.332002
 0 0.318405
 0 0.324805
 0 0.323614
 0 0.315986
 0 0.308363
 0 0.318926
 0 0.335376
 0 0.308484
 0 0.326386
