553 1 0 0 1
 0 0.364889
 0 0.356548
 0 0.353538
 0 0.366554
 0 0.36904
 0 0.363136
 0 0.399773
 0 0.366363
 0 0.378612
 0 0.400011
 0 0.403692
 0 0.387247
 0 0.370451
 0 0.385471
 0 0.336083
 0 0.371164
 0 0.362194
 0 0.381077
 0 0.388125
 0 0.366972
 0 0.410531
 0 0.376593
 0 0.379022
 0 0.375196
 0 0.373994
 0 0.385567
 0 0.367024
 0 0.380059
 0 0.364125
 0 0.35928
 0 0.381199
 0 0.36713
 0 0.358577
 0 0.410112
 0 0.38642
 0 0.380775
 0 0.371622
 0 0.365828
 0 0.386709
 0 0.386788
 0 0.360527
 0 0.372404
 0 0.366531
 0 0.338871
 0 0.387696
 0 0.374673
 0 0.39833
 0 0.3757
 0 0.370761
 0 0.364023
 0 0.389047
 0 0.367292
 0 0.379971
 0 0.367734
 0 0.354076
 0 0.370531
 0 0.406607
 0 0.403357
 0 0.392698
 0 0.397684
 0 0.382882
 0 0.374524
 0 0.377124
 0 0.385286
 0 0.38406
 0 0.381647
 0 0.368387
 0 0.331264
 0 0.376862
 0 0.372991
 0 0.420604
 0 0.387794
 0 0.362659
 0 0.355139
 0 0.373848
 0 0.371926
 0 0.356083
 0 0.376749
 0 0.397665
 0 0.389573
 0 0.38314
 0 0.380759
 0 0.38338
 0 0.395925
 0 0.368343
 0 0.368005
 0 0.381925
 0 0.357166
 0 0.367252
 0 0.35257
 0 0.367942
 0 0.370756
 0 0.388314
 0 0.39777
 0 0.363111
 0 0.373875
 0 0.327827
 0 0.361421
 0 0.363229
 0 0.371697
 0 0.37356
 0 0.385673
 0 0.363088
 0 0.365351
 0 0.341423
 0 0.373232
 0 0.364724
 0 0.392047
 0 0.359583
 0 0.39254
 0 0.380584
 0 0.363135
 0 0.351192
 0 0.350164
 0 0.356762
 0 0.352485
 0 0.361535
 0 0.378637
 0 0.383975
 0 0.346936
 0 0.361532
 0 0.350279
 0 0.373709
 0 0.364426
 0 0.367833
 0 0.379034
 0 0.400832
 0 0.380682
 0 0.350054
 0 0.375605
 0 0.368335
 0 0.374422
 0 0.368288
 0 0.366748
 0 0.342784
 0 0.31857
 0 0.404173
 0 0.37029
 0 0.376338
 0 0.382598
 0 0.360649
 0 0.405174
 0 0.365268
 0 0.382711
 0 0.383841
 0 0.392485
 0 0.36281
 0 0.363875
 0 0.355697
 0 0.363968
 0 0.362887
 0 0.37954
 0 0.388382
 0 0.371008
 0 0.361526
 0 0.367758
 0 0.382154
 0 0.39178
 0 0.341986
 0 0.385584
 0 0.372162
 0 0.36894
 0 0.359383
 0 0.375698
 0 0.385916
 0 0.367317
 0 0.352922
 0 0.385911
 0 0.386839
 0 0.382465
 0 0.369933
 0 0.356137
 0 0.408384
 0 0.357439
 0 0.356264
 0 0.373714
 0 0.36947
 0 0.373431
 0 0.401028
 0 0.403866
 0 0.356033
 0 0.376946
 0 0.362336
 0 0.351096
 0 0.373343
 0 0.393158
 0 0.314456
 0 0.380129
 0 0.346161
 0 0.381104
 0 0.381551
 0 0.397995
 0 0.378119
 0 0.371644
 0 0.364613
 0 0.32749
 0 0.355832
 0 0.387641
 0 0.355032
 0 0.383407
 0 0.368626
 0 0.393127
 0 0.355398
 0 0.344295
 0 0.380272
 0 0.341355
 0 0.360014
 0 0.371819
 0 0.322432
 0 0.376731
 0 0.377772
 0 0.387011
 0 0.351992
 0 0.380173
 0 0.393929
 0 0.327364
 0 0.368967
 0 0.365184
 0 0.359422
 0 0.383155
 0 0.385168
 0 0.386595
 0 0.391449
 0 0.351069
 0 0.358547
 0 0.414998
 0 0.377391
 0 0.3826
 0 0.380752
 0 0.364631
 0 0.365667
 0 0.373798
 0 0.394797
 0 0.364745
 0 0.401588
 0 0.376415
 0 0.359468
 0 0.390812
 0 0.386219
 0 0.348838
 0 0.368819
 0 0.395841
 0 0.362845
 0 0.375853
 0 0.39231
 0 0.387451
 0 0.354766
 0 0.393424
 0 0.406362
 0 0.385196
 0 0.363456
 0 0.364314
 0 0.326288
 0 0.355923
 0 0.373396
 0 0.388708
 0 0.388593
 0 0.374962
 0 0.368147
 0 0.375424
 0 0.385691
 0 0.388344
 0 0.37034
 0 0.356947
 0 0.344604
 0 0.356412
 0 0.374561
 0 0.379258
 0 0.381193
 0 0.397556
 0 0.38413
 0 0.386904
 0 0.385002
 0 0.376715
 0 0.357728
 0 0.400415
 0 0.353389
 0 0.377635
 0 0.370886
 0 0.360051
 0 0.376094
 0 0.387093
 0 0.385094
 0 0.380226
 0 0.369658
 0 0.36399
 0 0.391501
 0 0.369191
 0 0.367228
 0 0.366399
 0 0.357629
 0 0.402971
 0 0.37459
 0 0.381772
 0 0.385171
 0 0.380275
 0 0.384346
 0 0.382551
 0 0.383219
 0 0.361661
 0 0.38054
 0 0.362225
 0 0.371187
 0 0.356239
 0 0.370696
 0 0.342629
 0 0.384562
 0 0.36237
 0 0.345442
 0 0.373653
 0 0.411304
 0 0.3757
 0 0.379003
 0 0.379456
 0 0.352769
 0 0.377751
 0 0.37154
 0 0.36997
 0 0.389749
 0 0.364747
 0 0.387281
 0 0.336677
 0 0.378536
 0 0.384562
 0 0.376311
 0 0.395553
 0 0.402402
 0 0.401297
 0 0.382192
 0 0.389682
 0 0.405546
 0 0.411358
 0 0.378786
 0 0.400351
 0 0.374553
 0 0.358251
 0 0.384538
 0 0.38532
 0 0.39251
 0 0.382246
 0 0.377578
 0 0.391683
 0 0.390053
 0 0.383848
 0 0.390027
 0 0.385345
 0 0.38759
 0 0.38143
 0 0.379667
 0 0.3662
 0 0.381586
 0 0.373528
 0 0.37454
 0 0.372308
 0 0.370356
 0 0.369951
 0 0.373649
 0 0.410621
 0 0.368433
 0 0.366706
 0 0.386968
 0 0.368495
 0 0.388241
 0 0.375339
 0 0.375091
 0 0.363072
 0 0.377916
 0 0.374942
 0 0.391052
 0 0.403642
 0 0.386034
 0 0.363282
 0 0.374993
 0 0.377244
 0 0.368753
 0 0.359649
 0 0.364596
 0 0.389856
 0 0.393209
 0 0.372083
 0 0.383833
 0 0.387612
 0 0.366835
 0 0.352311
 0 0.378329
 0 0.371752
 0 0.385718
 0 0.368832
 0 0.38778
 0 0.367591
 0 0.388375
 0 0.375575
 0 0.366384
 0 0.380356
 0 0.341691
 0 0.383753
 0 0.410365
 0 0.396532
 0 0.339817
 0 0.364021
 0 0.404293
 0 0.384268
 0 0.409781
 0 0.414509
 0 0.357421
 0 0.369786
 0 0.369806
 0 0.368046
 0 0.38269
 0 0.381577
 0 0.36843
 0 0.366971
 0 0.404079
 0 0.338375
 0 0.352474
 0 0.357634
 0 0.375408
 0 0.359633
 0 0.421703
 0 0.369256
 0 0.386927
 0 0.372632
 0 0.376853
 0 0.37908
 0 0.385092
 0 0.354209
 0 0.35878
 0 0.371603
 0 0.387157
 0 0.36265
 0 0.350497
 0 0.346077
 0 0.371694
 0 0.38643
 0 0.372072
 0 0.38317
 0 0.348967
 0 0.383075
 0 0.366773
 0 0.406292
 0 0.370818
 0 0.376195
 0 0.378369
 0 0.385059
 0 0.385394
 0 0.337604
 0 0.358487
 0 0.373219
 0 0.370528
 0 0.373624
 0 0.368175
 0 0.387406
 0 0.376316
 0 0.391497
 0 0.378049
 0 0.397301
 0 0.355564
 0 0.357689
 0 0.366035
 0 0.352403
 0 0.396851
 0 0.375901
 0 0.37487
 0 0.383781
 0 0.369736
 0 0.380065
 0 0.379773
 0 0.385102
 0 0.36111
 0 0.374568
 0 0.366389
 0 0.367352
 0 0.373466
 0 0.346036
 0 0.393863
 0 0.373819
 0 0.413367
 0 0.373444
 0 0.397271
 0 0.362815
 0 0.390326
 0 0.38336
 0 0.353609
 0 0.361593
 0 0.382156
 0 0.35764
 0 0.374161
 0 0.401263
 0 0.367995
 0 0.381024
 0 0.393179
 0 0.36727
 0 0.363678
 0 0.386721
 0 0.365089
 0 0.385766
 0 0.389375
 0 0.381049
 0 0.398218
 0 0.372253
 0 0.36759
 0 0.393478
 0 0.394989
 0 0.386084
 0 0.378867
 0 0.384461
 0 0.37566
 0 0.386943
 0 0.380154
 0 0.39177
 0 0.392005
 0 0.364567
 0 0.377891
 0 0.393534
 0 0.33972
 0 0.345
 0 0.365364
 0 0.369352
 0 0.377167
 0 0.385555
 0 0.359575
 0 0.37592
 0 0.364577
 0 0.374141
 0 0.38451
 0 0.354928
 0 0.376413
 0 0.391497
 0 0.384304
 0 0.369819
 0 0.314065
 0 0.367013
 0 0.357967
 0 0.330405
 0 0.367295
 0 0.376496
 0 0.388517
 0 0.360248
 0 0.360835
 0 0.355614
 0 0.385566
 0 0.381512
 0 0.381162
 0 0.388866
 0 0.371748
 0 0.382829
 0 0.372217
 0 0.375011
 0 0.381833
 0 0.377277
 0 0.383274
 0 0.362569
 0 0.378772
