553 1 0 0 1
 0 0.33556
 0 0.338193
 0 0.347408
 0 0.323563
 0 0.346411
 0 0.338018
 0 0.370722
 0 0.352318
 0 0.355704
 0 0.389878
 0 0.374011
 0 0.365591
 0 0.350275
 0 0.372956
 0 0.326833
 0 0.341226
 0 0.344802
 0 0.346447
 0 0.364349
 0 0.340881
 0 0.384467
 0 0.370915
 0 0.373277
 0 0.34091
 0 0.368062
 0 0.350787
 0 0.357295
 0 0.353458
 0 0.3477
 0 0.338257
 0 0.369069
 0 0.321146
 0 0.344263
 0 0.378245
 0 0.361038
 0 0.370619
 0 0.362466
 0 0.351995
 0 0.371149
 0 0.35478
 0 0.346037
 0 0.356451
 0 0.35891
 0 0.342583
 0 0.358277
 0 0.348352
 0 0.357651
 0 0.362777
 0 0.347502
 0 0.353048
 0 0.359709
 0 0.355863
 0 0.360751
 0 0.344698
 0 0.355283
 0 0.348538
 0 0.366543
 0 0.351644
 0 0.349065
 0 0.376041
 0 0.349987
 0 0.356319
 0 0.356331
 0 0.358602
 0 0.359727
 0 0.350997
 0 0.344484
 0 0.318407
 0 0.375721
 0 0.366328
 0 0.388593
 0 0.357755
 0 0.350865
 0 0.343772
 0 0.346192
 0 0.36319
 0 0.359544
 0 0.370258
 0 0.383269
 0 0.356223
 0 0.36728
 0 0.35206
 0 0.36357
 0 0.39728
 0 0.339961
 0 0.334018
 0 0.373661
 0 0.340125
 0 0.363065
 0 0.347397
 0 0.339949
 0 0.334073
 0 0.366535
 0 0.372367
 0 0.34312
 0 0.356085
 0 0.322383
 0 0.343788
 0 0.354528
 0 0.369752
 0 0.373439
 0 0.349167
 0 0.351455
 0 0.365808
 0 0.348945
 0 0.375269
 0 0.335886
 0 0.329121
 0 0.361068
 0 0.367143
 0 0.35716
 0 0.348905
 0 0.334184
 0 0.343984
 0 0.344852
 0 0.348579
 0 0.348029
 0 0.37026
 0 0.373031
 0 0.332423
 0 0.353385
 0 0.327083
 0 0.352494
 0 0.336784
 0 0.347567
 0 0.352314
 0 0.38246
 0 0.372352
 0 0.36594
 0 0.353544
 0 0.350404
 0 0.359944
 0 0.350847
 0 0.352715
 0 0.337439
 0 0.338406
 0 0.383976
 0 0.350387
 0 0.338032
 0 0.369725
 0 0.343371
 0 0.359038
 0 0.341734
 0 0.368733
 0 0.369413
 0 0.365477
 0 0.328371
 0 0.343729
 0 0.342652
 0 0.346608
 0 0.34296
 0 0.360073
 0 0.369924
 0 0.33995
 0 0.332876
 0 0.354896
 0 0.372821
 0 0.360164
 0 0.345632
 0 0.364425
 0 0.35123
 0 0.359311
 0 0.338111
 0 0.354991
 0 0.364915
 0 0.317104
 0 0.341271
 0 0.372546
 0 0.348788
 0 0.357444
 0 0.333998
 0 0.33771
 0 0.378793
 0 0.346352
 0 0.347445
 0 0.335616
 0 0.350663
 0 0.34867
 0 0.387372
 0 0.377147
 0 0.362605
 0 0.346556
 0 0.331361
 0 0.326383
 0 0.330876
 0 0.370524
 0 0.336805
 0 0.351378
 0 0.346187
 0 0.364549
 0 0.366844
 0 0.367656
 0 0.342564
 0 0.358891
 0 0.353605
 0 0.300168
 0 0.350133
 0 0.369077
 0 0.346655
 0 0.359846
 0 0.343839
 0 0.370017
 0 0.356602
 0 0.32587
 0 0.388605
 0 0.342349
 0 0.318662
 0 0.35122
 0 0.325436
 0 0.345717
 0 0.351017
 0 0.356793
 0 0.352685
 0 0.349504
 0 0.378484
 0 0.309581
 0 0.353016
 0 0.345749
 0 0.339217
 0 0.363148
 0 0.362143
 0 0.357683
 0 0.351338
 0 0.33781
 0 0.335072
 0 0.396698
 0 0.35649
 0 0.371271
 0 0.361145
 0 0.350038
 0 0.355552
 0 0.335888
 0 0.379441
 0 0.3508
 0 0.367863
 0 0.363734
 0 0.367012
 0 0.363807
 0 0.366677
 0 0.324358
 0 0.332555
 0 0.374992
 0 0.351645
 0 0.358186
 0 0.358734
 0 0.361532
 0 0.348729
 0 0.359372
 0 0.366335
 0 0.353109
 0 0.331099
 0 0.34422
 0 0.323862
 0 0.33826
 0 0.353616
 0 0.357398
 0 0.35992
 0 0.35486
 0 0.344885
 0 0.36753
 0 0.34223
 0 0.374116
 0 0.344593
 0 0.355521
 0 0.330221
 0 0.340097
 0 0.357524
 0 0.358628
 0 0.371463
 0 0.369344
 0 0.370438
 0 0.357969
 0 0.348222
 0 0.360153
 0 0.356705
 0 0.376541
 0 0.346955
 0 0.347253
 0 0.352563
 0 0.338934
 0 0.360704
 0 0.381391
 0 0.357421
 0 0.359686
 0 0.340669
 0 0.334048
 0 0.377911
 0 0.344922
 0 0.343604
 0 0.342742
 0 0.337473
 0 0.362385
 0 0.35115
 0 0.357958
 0 0.360672
 0 0.36776
 0 0.362921
 0 0.360075
 0 0.361997
 0 0.344903
 0 0.366484
 0 0.342014
 0 0.362847
 0 0.331843
 0 0.352782
 0 0.31692
 0 0.365478
 0 0.362038
 0 0.360687
 0 0.33626
 0 0.38017
 0 0.353851
 0 0.367474
 0 0.357918
 0 0.326323
 0 0.364228
 0 0.35906
 0 0.345697
 0 0.367335
 0 0.343966
 0 0.362917
 0 0.325859
 0 0.349228
 0 0.363828
 0 0.346747
 0 0.362751
 0 0.387869
 0 0.375941
 0 0.366631
 0 0.373688
 0 0.356698
 0 0.360152
 0 0.365125
 0 0.372703
 0 0.346168
 0 0.353221
 0 0.356523
 0 0.35495
 0 0.362955
 0 0.353847
 0 0.346028
 0 0.363555
 0 0.364993
 0 0.36866
 0 0.373388
 0 0.364607
 0 0.379144
 0 0.361871
 0 0.347254
 0 0.362553
 0 0.360327
 0 0.332565
 0 0.355676
 0 0.365302
 0 0.336011
 0 0.357743
 0 0.366543
 0 0.380759
 0 0.361983
 0 0.356318
 0 0.352032
 0 0.343634
 0 0.371029
 0 0.355175
 0 0.347638
 0 0.346235
 0 0.336428
 0 0.37565
 0 0.360161
 0 0.384299
 0 0.352054
 0 0.347739
 0 0.356705
 0 0.358061
 0 0.346833
 0 0.348379
 0 0.348614
 0 0.370625
 0 0.364518
 0 0.356589
 0 0.372536
 0 0.354889
 0 0.370306
 0 0.330971
 0 0.356599
 0 0.365199
 0 0.34807
 0 0.364506
 0 0.372525
 0 0.34454
 0 0.360507
 0 0.353094
 0 0.352674
 0 0.35634
 0 0.333833
 0 0.347272
 0 0.381406
 0 0.362999
 0 0.325482
 0 0.354214
 0 0.37179
 0 0.375011
 0 0.364935
 0 0.38521
 0 0.332108
 0 0.354182
 0 0.356162
 0 0.337598
 0 0.359714
 0 0.342655
 0 0.342098
 0 0.344217
 0 0.359398
 0 0.334155
 0 0.334517
 0 0.347243
 0 0.365476
 0 0.345956
 0 0.387816
 0 0.368119
 0 0.362981
 0 0.3609
 0 0.356415
 0 0.36704
 0 0.364412
 0 0.353091
 0 0.349421
 0 0.347093
 0 0.369253
 0 0.354028
 0 0.347169
 0 0.32902
 0 0.345988
 0 0.386619
 0 0.348698
 0 0.357497
 0 0.330289
 0 0.362769
 0 0.337302
 0 0.380267
 0 0.353626
 0 0.370229
 0 0.376252
 0 0.359403
 0 0.358815
 0 0.328195
 0 0.32308
 0 0.353802
 0 0.349357
 0 0.359786
 0 0.354368
 0 0.360723
 0 0.34761
 0 0.356217
 0 0.357321
 0 0.381842
 0 0.323581
 0 0.354904
 0 0.359876
 0 0.346259
 0 0.375575
 0 0.348702
 0 0.364371
 0 0.360489
 0 0.33901
 0 0.350109
 0 0.357897
 0 0.360111
 0 0.338969
 0 0.368702
 0 0.36278
 0 0.371168
 0 0.345328
 0 0.329489
 0 0.373042
 0 0.344583
 0 0.379255
 0 0.349791
 0 0.368451
 0 0.359912
 0 0.361559
 0 0.370606
 0 0.346657
 0 0.341213
 0 0.357625
 0 0.347055
 0 0.383782
 0 0.372744
 0 0.345585
 0 0.361135
 0 0.378948
 0 0.345997
 0 0.357536
 0 0.377565
 0 0.340017
 0 0.35054
 0 0.353296
 0 0.372948
 0 0.368627
 0 0.360065
 0 0.33851
 0 0.368162
 0 0.361487
 0 0.371169
 0 0.337115
 0 0.363514
 0 0.369051
 0 0.354818
 0 0.34902
 0 0.34123
 0 0.382905
 0 0.362234
 0 0.355317
 0 0.363789
 0 0.337839
 0 0.346487
 0 0.361954
 0 0.36857
 0 0.352431
 0 0.356565
 0 0.335539
 0 0.35489
 0 0.337956
 0 0.339192
 0 0.364026
 0 0.336644
 0 0.36643
 0 0.348879
 0 0.354399
 0 0.350529
 0 0.339216
 0 0.332795
 0 0.338023
 0 0.328746
 0 0.350103
 0 0.357757
 0 0.363438
 0 0.349789
 0 0.343832
 0 0.344926
 0 0.358024
 0 0.367056
 0 0.367489
 0 0.365691
 0 0.346563
 0 0.374526
 0 0.36228
 0 0.356207
 0 0.356915
 0 0.373182
 0 0.344054
 0 0.347161
 0 0.373046
