603 1 0 0 1
 0 0.404187
 0 0.421972
 0 0.402071
 0 0.40436
 0 0.432861
 0 0.460382
 0 0.416806
 0 0.419454
 0 0.397858
 0 0.422099
 0 0.485714
 0 0.395107
 0 0.398984
 0 0.450246
 0 0.398857
 0 0.407699
 0 0.368967
 0 0.386937
 0 0.392444
 0 0.425889
 0 0.367522
 0 0.431083
 0 0.429676
 0 0.419675
 0 0.393638
 0 0.402176
 0 0.402289
 0 0.448166
 0 0.422055
 0 0.439929
 0 0.349003
 0 0.422401
 0 0.424467
 0 0.376866
 0 0.389719
 0 0.457288
 0 0.410135
 0 0.38017
 0 0.408297
 0 0.400486
 0 0.440892
 0 0.407902
 0 0.424192
 0 0.399837
 0 0.445333
 0 0.368466
 0 0.40816
 0 0.404701
 0 0.424886
 0 0.393549
 0 0.434396
 0 0.439912
 0 0.399721
 0 0.416048
 0 0.478349
 0 0.415577
 0 0.447796
 0 0.428684
 0 0.403671
 0 0.393343
 0 0.429178
 0 0.427397
 0 0.422124
 0 0.412883
 0 0.414144
 0 0.40646
 0 0.391856
 0 0.383032
 0 0.436877
 0 0.417236
 0 0.418264
 0 0.421734
 0 0.397081
 0 0.454498
 0 0.462032
 0 0.384897
 0 0.431241
 0 0.391297
 0 0.449464
 0 0.447625
 0 0.407941
 0 0.43083
 0 0.417448
 0 0.41227
 0 0.376726
 0 0.456352
 0 0.418737
 0 0.441284
 0 0.401886
 0 0.400271
 0 0.446174
 0 0.446357
 0 0.414119
 0 0.444119
 0 0.406189
 0 0.403149
 0 0.418264
 0 0.434857
 0 0.424991
 0 0.415099
 0 0.428702
 0 0.424213
 0 0.382086
 0 0.419442
 0 0.437262
 0 0.4085
 0 0.426882
 0 0.438975
 0 0.410535
 0 0.371729
 0 0.428024
 0 0.374812
 0 0.388171
 0 0.423215
 0 0.373102
 0 0.422505
 0 0.391341
 0 0.479291
 0 0.423558
 0 0.43167
 0 0.392032
 0 0.423525
 0 0.406255
 0 0.411541
 0 0.431628
 0 0.409985
 0 0.453026
 0 0.427429
 0 0.399907
 0 0.410469
 0 0.424115
 0 0.394893
 0 0.389736
 0 0.446392
 0 0.372785
 0 0.4349
 0 0.408512
 0 0.393311
 0 0.421504
 0 0.476166
 0 0.426092
 0 0.387754
 0 0.419173
 0 0.460219
 0 0.396962
 0 0.441291
 0 0.410004
 0 0.424044
 0 0.402762
 0 0.414809
 0 0.465225
 0 0.41814
 0 0.376506
 0 0.429815
 0 0.433039
 0 0.421319
 0 0.443247
 0 0.468289
 0 0.419382
 0 0.413419
 0 0.458977
 0 0.410342
 0 0.395488
 0 0.363024
 0 0.432051
 0 0.422876
 0 0.436457
 0 0.407147
 0 0.436512
 0 0.39466
 0 0.442359
 0 0.430193
 0 0.400082
 0 0.458277
 0 0.408891
 0 0.413786
 0 0.445285
 0 0.429226
 0 0.396426
 0 0.387524
 0 0.377329
 0 0.428428
 0 0.411781
 0 0.403263
 0 0.415301
 0 0.432301
 0 0.339964
 0 0.378852
 0 0.451987
 0 0.435836
 0 0.41078
 0 0.430395
 0 0.383868
 0 0.349037
 0 0.391507
 0 0.429341
 0 0.407471
 0 0.36292
 0 0.396742
 0 0.389368
 0 0.427216
 0 0.443475
 0 0.412531
 0 0.395184
 0 0.391305
 0 0.443504
 0 0.428663
 0 0.428482
 0 0.431617
 0 0.391132
 0 0.447056
 0 0.430865
 0 0.378493
 0 0.414476
 0 0.438009
 0 0.419952
 0 0.438579
 0 0.42957
 0 0.423065
 0 0.383731
 0 0.359189
 0 0.387747
 0 0.421373
 0 0.451227
 0 0.421361
 0 0.413985
 0 0.411309
 0 0.413064
 0 0.393453
 0 0.434352
 0 0.351031
 0 0.455574
 0 0.407971
 0 0.368462
 0 0.398551
 0 0.422121
 0 0.381968
 0 0.411402
 0 0.401082
 0 0.400326
 0 0.389708
 0 0.444023
 0 0.415224
 0 0.432106
 0 0.374345
 0 0.479972
 0 0.475145
 0 0.390697
 0 0.359177
 0 0.381688
 0 0.424664
 0 0.437164
 0 0.409113
 0 0.426854
 0 0.423955
 0 0.411361
 0 0.39148
 0 0.411832
 0 0.423906
 0 0.373781
 0 0.442499
 0 0.422661
 0 0.411829
 0 0.406947
 0 0.455818
 0 0.4221
 0 0.425678
 0 0.468883
 0 0.401309
 0 0.455661
 0 0.419704
 0 0.416579
 0 0.426467
 0 0.432542
 0 0.438459
 0 0.440529
 0 0.389374
 0 0.3655
 0 0.41894
 0 0.396672
 0 0.465282
 0 0.414584
 0 0.398296
 0 0.416784
 0 0.457285
 0 0.418378
 0 0.454108
 0 0.425114
 0 0.400968
 0 0.441598
 0 0.437687
 0 0.430784
 0 0.39199
 0 0.392593
 0 0.413906
 0 0.407836
 0 0.428719
 0 0.441227
 0 0.403555
 0 0.297063
 0 0.415557
 0 0.45349
 0 0.382535
 0 0.38671
 0 0.39354
 0 0.408374
 0 0.473787
 0 0.397943
 0 0.410756
 0 0.427924
 0 0.394643
 0 0.412024
 0 0.415774
 0 0.435691
 0 0.423048
 0 0.416615
 0 0.456919
 0 0.409344
 0 0.409494
 0 0.441377
 0 0.389099
 0 0.402781
 0 0.442136
 0 0.441609
 0 0.428703
 0 0.40219
 0 0.408987
 0 0.425931
 0 0.408817
 0 0.425989
 0 0.418976
 0 0.463521
 0 0.451353
 0 0.391839
 0 0.405251
 0 0.427221
 0 0.434844
 0 0.416001
 0 0.417386
 0 0.437663
 0 0.372225
 0 0.440163
 0 0.428318
 0 0.44048
 0 0.397405
 0 0.405986
 0 0.445274
 0 0.392972
 0 0.381641
 0 0.395241
 0 0.410943
 0 0.363215
 0 0.454953
 0 0.418096
 0 0.47274
 0 0.402705
 0 0.431004
 0 0.388647
 0 0.413668
 0 0.362742
 0 0.417789
 0 0.407229
 0 0.391064
 0 0.423033
 0 0.374559
 0 0.406446
 0 0.400583
 0 0.42947
 0 0.392191
 0 0.449728
 0 0.420235
 0 0.429456
 0 0.374761
 0 0.442169
 0 0.426315
 0 0.397836
 0 0.388765
 0 0.465368
 0 0.398385
 0 0.444012
 0 0.426184
 0 0.411748
 0 0.41036
 0 0.43005
 0 0.404591
 0 0.414991
 0 0.425519
 0 0.407662
 0 0.361358
 0 0.416318
 0 0.379809
 0 0.392946
 0 0.423047
 0 0.411033
 0 0.408853
 0 0.388293
 0 0.365811
 0 0.405519
 0 0.437305
 0 0.395882
 0 0.418876
 0 0.459152
 0 0.454848
 0 0.433711
 0 0.42938
 0 0.392208
 0 0.442467
 0 0.455085
 0 0.400671
 0 0.395065
 0 0.423474
 0 0.416484
 0 0.404988
 0 0.40945
 0 0.415348
 0 0.375659
 0 0.415943
 0 0.400298
 0 0.409002
 0 0.412921
 0 0.416787
 0 0.403061
 0 0.412375
 0 0.407181
 0 0.387682
 0 0.420883
 0 0.367697
 0 0.410423
 0 0.448545
 0 0.460588
 0 0.389111
 0 0.441126
 0 0.454023
 0 0.449975
 0 0.418828
 0 0.376944
 0 0.402391
 0 0.454712
 0 0.378579
 0 0.397473
 0 0.421593
 0 0.419387
 0 0.44029
 0 0.443785
 0 0.395935
 0 0.409806
 0 0.437064
 0 0.45075
 0 0.413808
 0 0.473922
 0 0.437901
 0 0.404597
 0 0.389071
 0 0.422095
 0 0.429509
 0 0.459071
 0 0.3863
 0 0.413539
 0 0.431392
 0 0.374546
 0 0.447056
 0 0.467577
 0 0.436537
 0 0.402318
 0 0.4334
 0 0.439003
 0 0.441017
 0 0.445067
 0 0.395832
 0 0.408912
 0 0.405689
 0 0.518748
 0 0.479469
 0 0.371861
 0 0.463071
 0 0.420375
 0 0.429336
 0 0.403376
 0 0.428837
 0 0.393159
 0 0.447559
 0 0.434148
 0 0.468535
 0 0.36842
 0 0.444818
 0 0.404904
 0 0.412338
 0 0.419085
 0 0.446363
 0 0.44581
 0 0.405718
 0 0.4191
 0 0.45341
 0 0.401841
 0 0.39953
 0 0.39876
 0 0.403311
 0 0.4178
 0 0.371072
 0 0.422196
 0 0.423943
 0 0.46225
 0 0.454001
 0 0.440374
 0 0.452906
 0 0.392555
 0 0.435097
 0 0.406804
 0 0.418324
 0 0.414317
 0 0.423295
 0 0.434491
 0 0.418858
 0 0.437254
 0 0.40467
 0 0.400805
 0 0.43504
 0 0.404974
 0 0.378056
 0 0.462019
 0 0.405732
 0 0.359364
 0 0.499616
 0 0.404695
 0 0.435709
 0 0.434638
 0 0.386801
 0 0.432917
 0 0.444263
 0 0.358316
 0 0.419769
 0 0.433012
 0 0.463983
 0 0.433296
 0 0.392283
 0 0.402571
 0 0.378467
 0 0.423308
 0 0.4314
 0 0.408503
 0 0.421277
 0 0.424148
 0 0.430757
 0 0.452733
 0 0.374914
 0 0.402371
 0 0.462567
 0 0.414879
 0 0.36216
 0 0.42165
 0 0.500113
 0 0.403734
 0 0.385565
 0 0.435398
 0 0.408392
 0 0.377085
 0 0.441547
 0 0.420308
 0 0.394248
 0 0.413506
 0 0.456471
 0 0.404345
 0 0.436957
 0 0.431499
 0 0.401233
 0 0.401467
 0 0.426381
 0 0.460089
 0 0.380681
 0 0.412232
 0 0.387105
 0 0.44074
 0 0.46307
 0 0.460435
 0 0.382781
 0 0.407767
 0 0.41037
 0 0.419262
 0 0.393067
 0 0.385198
 0 0.42728
 0 0.344542
 0 0.437534
 0 0.42684
 0 0.443628
 0 0.41211
 0 0.40825
 0 0.406343
 0 0.359786
 0 0.400126
 0 0.422094
 0 0.434878
 0 0.440857
 0 0.40768
 0 0.410069
 0 0.474435
 0 0.439834
 0 0.432689
 0 0.405284
 0 0.441821
 0 0.450757
 0 0.404348
 0 0.455107
