603 1 0 0 1
 0 0.337575
 0 0.416344
 0 0.388215
 0 0.35837
 0 0.412266
 0 0.442826
 0 0.346806
 0 0.387521
 0 0.368797
 0 0.423631
 0 0.398733
 0 0.400637
 0 0.335469
 0 0.370935
 0 0.39563
 0 0.401965
 0 0.353146
 0 0.363713
 0 0.412589
 0 0.391658
 0 0.337355
 0 0.402909
 0 0.39606
 0 0.388547
 0 0.398145
 0 0.382214
 0 0.452217
 0 0.419913
 0 0.379499
 0 0.385233
 0 0.350817
 0 0.372402
 0 0.35608
 0 0.39962
 0 0.381089
 0 0.462439
 0 0.349525
 0 0.331509
 0 0.336378
 0 0.349423
 0 0.423145
 0 0.369686
 0 0.444492
 0 0.432301
 0 0.408891
 0 0.401822
 0 0.403629
 0 0.379764
 0 0.406044
 0 0.334585
 0 0.376941
 0 0.407525
 0 0.368485
 0 0.341919
 0 0.474517
 0 0.418111
 0 0.398528
 0 0.356754
 0 0.347178
 0 0.372982
 0 0.411433
 0 0.3865
 0 0.376372
 0 0.383264
 0 0.329185
 0 0.376953
 0 0.342889
 0 0.345442
 0 0.38141
 0 0.371577
 0 0.367578
 0 0.410637
 0 0.4333
 0 0.378114
 0 0.454227
 0 0.354421
 0 0.437343
 0 0.36305
 0 0.393101
 0 0.358437
 0 0.373465
 0 0.376266
 0 0.399674
 0 0.382737
 0 0.355885
 0 0.38009
 0 0.353767
 0 0.461245
 0 0.36299
 0 0.378582
 0 0.362341
 0 0.44785
 0 0.368075
 0 0.428678
 0 0.408312
 0 0.372417
 0 0.269489
 0 0.392338
 0 0.381448
 0 0.379405
 0 0.374416
 0 0.360607
 0 0.384167
 0 0.433662
 0 0.392622
 0 0.374445
 0 0.43403
 0 0.481424
 0 0.424311
 0 0.363535
 0 0.401783
 0 0.276006
 0 0.352854
 0 0.347813
 0 0.374473
 0 0.436094
 0 0.410446
 0 0.467051
 0 0.415383
 0 0.406094
 0 0.394704
 0 0.386533
 0 0.450506
 0 0.407959
 0 0.409892
 0 0.361928
 0 0.396604
 0 0.433094
 0 0.364708
 0 0.421295
 0 0.421506
 0 0.350603
 0 0.421078
 0 0.418779
 0 0.352793
 0 0.378566
 0 0.331612
 0 0.29903
 0 0.397461
 0 0.435327
 0 0.426858
 0 0.391036
 0 0.421217
 0 0.421741
 0 0.404128
 0 0.412572
 0 0.386737
 0 0.441236
 0 0.39541
 0 0.389049
 0 0.450647
 0 0.41308
 0 0.379726
 0 0.420947
 0 0.406469
 0 0.350282
 0 0.453173
 0 0.397106
 0 0.46991
 0 0.389687
 0 0.411967
 0 0.410384
 0 0.338675
 0 0.322249
 0 0.450871
 0 0.379809
 0 0.462664
 0 0.403491
 0 0.423895
 0 0.404053
 0 0.442262
 0 0.414889
 0 0.365062
 0 0.413281
 0 0.381617
 0 0.449874
 0 0.362919
 0 0.379091
 0 0.367613
 0 0.410926
 0 0.413586
 0 0.40563
 0 0.374634
 0 0.369588
 0 0.418281
 0 0.4109
 0 0.314048
 0 0.314266
 0 0.459605
 0 0.401196
 0 0.418008
 0 0.375864
 0 0.384226
 0 0.424651
 0 0.392817
 0 0.378631
 0 0.429098
 0 0.368177
 0 0.417514
 0 0.366696
 0 0.409278
 0 0.4395
 0 0.448741
 0 0.395806
 0 0.364035
 0 0.332906
 0 0.373668
 0 0.377363
 0 0.389332
 0 0.340336
 0 0.414528
 0 0.404248
 0 0.308336
 0 0.412462
 0 0.452301
 0 0.414965
 0 0.355721
 0 0.414308
 0 0.390744
 0 0.408541
 0 0.357074
 0 0.305445
 0 0.346914
 0 0.413294
 0 0.39266
 0 0.399661
 0 0.412543
 0 0.46292
 0 0.362549
 0 0.411295
 0 0.354516
 0 0.426994
 0 0.346813
 0 0.367806
 0 0.389917
 0 0.414219
 0 0.3961
 0 0.401602
 0 0.3195
 0 0.377057
 0 0.32011
 0 0.39579
 0 0.419761
 0 0.446598
 0 0.357375
 0 0.430231
 0 0.394189
 0 0.363816
 0 0.326787
 0 0.337414
 0 0.429894
 0 0.423744
 0 0.371703
 0 0.426658
 0 0.436631
 0 0.341119
 0 0.368368
 0 0.449456
 0 0.394133
 0 0.318377
 0 0.383478
 0 0.342952
 0 0.321786
 0 0.397877
 0 0.405765
 0 0.373337
 0 0.386928
 0 0.369873
 0 0.410155
 0 0.333853
 0 0.378078
 0 0.358172
 0 0.41429
 0 0.441388
 0 0.452191
 0 0.427821
 0 0.266836
 0 0.507133
 0 0.415514
 0 0.327846
 0 0.416692
 0 0.402914
 0 0.438235
 0 0.396989
 0 0.445794
 0 0.391848
 0 0.409096
 0 0.424946
 0 0.401879
 0 0.452451
 0 0.406025
 0 0.323025
 0 0.375332
 0 0.368348
 0 0.435189
 0 0.406751
 0 0.465814
 0 0.398831
 0 0.419825
 0 0.164273
 0 0.409127
 0 0.437009
 0 0.341813
 0 0.254895
 0 0.435585
 0 0.395814
 0 0.461563
 0 0.394768
 0 0.411249
 0 0.381206
 0 0.34062
 0 0.33357
 0 0.426407
 0 0.428508
 0 0.364429
 0 0.423523
 0 0.387634
 0 0.390317
 0 0.404001
 0 0.384323
 0 0.397002
 0 0.384385
 0 0.385069
 0 0.428057
 0 0.392379
 0 0.396583
 0 0.462693
 0 0.364012
 0 0.408259
 0 0.434604
 0 0.401495
 0 0.40419
 0 0.436549
 0 0.434727
 0 0.331657
 0 0.382452
 0 0.376605
 0 0.393468
 0 0.414482
 0 0.375185
 0 0.293867
 0 0.384927
 0 0.411044
 0 0.363786
 0 0.37895
 0 0.400234
 0 0.436784
 0 0.416337
 0 0.348697
 0 0.390915
 0 0.399343
 0 0.313691
 0 0.410402
 0 0.431598
 0 0.509165
 0 0.415972
 0 0.353755
 0 0.356872
 0 0.430775
 0 0.292571
 0 0.395801
 0 0.411417
 0 0.332396
 0 0.392383
 0 0.399637
 0 0.292658
 0 0.423712
 0 0.384647
 0 0.343631
 0 0.44244
 0 0.339012
 0 0.45646
 0 0.413763
 0 0.416999
 0 0.447181
 0 0.374514
 0 0.40211
 0 0.404679
 0 0.392623
 0 0.411243
 0 0.43512
 0 0.462152
 0 0.371756
 0 0.381098
 0 0.331885
 0 0.462639
 0 0.345711
 0 0.28983
 0 0.343587
 0 0.360662
 0 0.333551
 0 0.409137
 0 0.365202
 0 0.411514
 0 0.385137
 0 0.354152
 0 0.397234
 0 0.395321
 0 0.374128
 0 0.404852
 0 0.413283
 0 0.43375
 0 0.4196
 0 0.407076
 0 0.390294
 0 0.32105
 0 0.459125
 0 0.42151
 0 0.365134
 0 0.42171
 0 0.309217
 0 0.395494
 0 0.379472
 0 0.34099
 0 0.383533
 0 0.348685
 0 0.421574
 0 0.374684
 0 0.387701
 0 0.371924
 0 0.398584
 0 0.381625
 0 0.412717
 0 0.310849
 0 0.365712
 0 0.41546
 0 0.399025
 0 0.351524
 0 0.367723
 0 0.447533
 0 0.406832
 0 0.387815
 0 0.412878
 0 0.395604
 0 0.400889
 0 0.372521
 0 0.437706
 0 0.378396
 0 0.336013
 0 0.353957
 0 0.332805
 0 0.434078
 0 0.43759
 0 0.391335
 0 0.391312
 0 0.413755
 0 0.422982
 0 0.446569
 0 0.344323
 0 0.45004
 0 0.401227
 0 0.394099
 0 0.321716
 0 0.379231
 0 0.406331
 0 0.508938
 0 0.440874
 0 0.47904
 0 0.389986
 0 0.362846
 0 0.425177
 0 0.454295
 0 0.453626
 0 0.407259
 0 0.413351
 0 0.393357
 0 0.396668
 0 0.410667
 0 0.351465
 0 0.424286
 0 0.352082
 0 0.496885
 0 0.433245
 0 0.340666
 0 0.455457
 0 0.495226
 0 0.373805
 0 0.344849
 0 0.385284
 0 0.381275
 0 0.434689
 0 0.395831
 0 0.429311
 0 0.290351
 0 0.425209
 0 0.390008
 0 0.364476
 0 0.407589
 0 0.415812
 0 0.458089
 0 0.435223
 0 0.367913
 0 0.428521
 0 0.396835
 0 0.303414
 0 0.34051
 0 0.431521
 0 0.401089
 0 0.390253
 0 0.379901
 0 0.402644
 0 0.442136
 0 0.428872
 0 0.38719
 0 0.422751
 0 0.338514
 0 0.399436
 0 0.408451
 0 0.3965
 0 0.377098
 0 0.425986
 0 0.416448
 0 0.376483
 0 0.410295
 0 0.338913
 0 0.432767
 0 0.375081
 0 0.41859
 0 0.35388
 0 0.488377
 0 0.431803
 0 0.347641
 0 0.448399
 0 0.384911
 0 0.455436
 0 0.459195
 0 0.323895
 0 0.475212
 0 0.394436
 0 0.344568
 0 0.4209
 0 0.43339
 0 0.423009
 0 0.377393
 0 0.339182
 0 0.428507
 0 0.406553
 0 0.378215
 0 0.392742
 0 0.363893
 0 0.383309
 0 0.382903
 0 0.439031
 0 0.419509
 0 0.402473
 0 0.454871
 0 0.415789
 0 0.397106
 0 0.346809
 0 0.414115
 0 0.590236
 0 0.382849
 0 0.358575
 0 0.401429
 0 0.377326
 0 0.349494
 0 0.385105
 0 0.41184
 0 0.263417
 0 0.409365
 0 0.405501
 0 0.418842
 0 0.401062
 0 0.419224
 0 0.343414
 0 0.404619
 0 0.358917
 0 0.432541
 0 0.44213
 0 0.337294
 0 0.410079
 0 0.3718
 0 0.408004
 0 0.358519
 0 0.372995
 0 0.391397
 0 0.395236
 0 0.458254
 0 0.424061
 0 0.331359
 0 0.46093
 0 0.369854
 0 0.434139
 0 0.334406
 0 0.353337
 0 0.419098
 0 0.403944
 0 0.354052
 0 0.295479
 0 0.392822
 0 0.364015
 0 0.361505
 0 0.350846
 0 0.40828
 0 0.359472
 0 0.454012
 0 0.404263
 0 0.412481
 0 0.36968
 0 0.426237
 0 0.36549
 0 0.381811
 0 0.389236
