603 1 0 0 1
 0 0.356049
 0 0.386271
 0 0.386717
 0 0.372807
 0 0.403301
 0 0.42808
 0 0.374906
 0 0.387352
 0 0.359641
 0 0.402387
 0 0.419131
 0 0.402052
 0 0.373763
 0 0.405831
 0 0.401093
 0 0.418203
 0 0.36251
 0 0.392104
 0 0.365656
 0 0.3905
 0 0.351374
 0 0.40207
 0 0.431254
 0 0.387846
 0 0.360216
 0 0.393726
 0 0.376465
 0 0.443948
 0 0.389625
 0 0.42741
 0 0.369817
 0 0.394217
 0 0.372555
 0 0.367432
 0 0.361833
 0 0.426274
 0 0.366788
 0 0.375926
 0 0.381617
 0 0.378338
 0 0.404584
 0 0.378161
 0 0.396434
 0 0.371415
 0 0.420748
 0 0.363843
 0 0.37454
 0 0.390714
 0 0.395825
 0 0.365805
 0 0.35309
 0 0.424545
 0 0.380854
 0 0.308238
 0 0.453631
 0 0.40449
 0 0.437847
 0 0.402482
 0 0.346579
 0 0.386978
 0 0.387187
 0 0.397874
 0 0.399758
 0 0.399424
 0 0.396749
 0 0.378017
 0 0.373768
 0 0.3743
 0 0.400166
 0 0.395588
 0 0.369039
 0 0.416187
 0 0.395943
 0 0.393898
 0 0.44176
 0 0.356946
 0 0.409991
 0 0.380988
 0 0.428553
 0 0.408367
 0 0.368222
 0 0.366808
 0 0.4022
 0 0.378866
 0 0.356568
 0 0.415109
 0 0.363561
 0 0.429732
 0 0.377353
 0 0.392021
 0 0.414656
 0 0.381207
 0 0.389889
 0 0.429294
 0 0.407584
 0 0.370902
 0 0.386214
 0 0.413963
 0 0.404744
 0 0.399339
 0 0.384998
 0 0.370992
 0 0.377265
 0 0.379945
 0 0.403023
 0 0.403665
 0 0.392773
 0 0.412821
 0 0.377761
 0 0.390412
 0 0.372026
 0 0.351425
 0 0.343633
 0 0.379454
 0 0.380139
 0 0.399556
 0 0.377378
 0 0.454976
 0 0.407817
 0 0.388598
 0 0.379527
 0 0.389057
 0 0.407464
 0 0.382797
 0 0.402389
 0 0.369601
 0 0.427756
 0 0.411665
 0 0.376692
 0 0.37527
 0 0.400783
 0 0.355221
 0 0.409833
 0 0.407071
 0 0.379419
 0 0.37332
 0 0.36627
 0 0.366329
 0 0.378451
 0 0.42683
 0 0.427447
 0 0.387709
 0 0.385098
 0 0.419329
 0 0.404854
 0 0.409243
 0 0.396266
 0 0.414765
 0 0.37038
 0 0.388825
 0 0.395357
 0 0.395966
 0 0.350932
 0 0.411956
 0 0.387226
 0 0.38187
 0 0.399721
 0 0.406254
 0 0.383025
 0 0.388504
 0 0.408333
 0 0.388061
 0 0.388903
 0 0.359262
 0 0.388664
 0 0.38368
 0 0.398725
 0 0.375888
 0 0.381505
 0 0.391793
 0 0.421861
 0 0.384027
 0 0.367142
 0 0.401444
 0 0.381579
 0 0.385559
 0 0.420875
 0 0.382567
 0 0.366075
 0 0.37199
 0 0.395457
 0 0.39753
 0 0.37268
 0 0.381254
 0 0.394592
 0 0.38567
 0 0.324443
 0 0.381673
 0 0.423873
 0 0.40632
 0 0.357935
 0 0.401711
 0 0.358131
 0 0.359867
 0 0.358661
 0 0.409975
 0 0.4001
 0 0.363102
 0 0.381892
 0 0.36715
 0 0.417708
 0 0.401646
 0 0.391694
 0 0.40448
 0 0.381042
 0 0.403086
 0 0.371768
 0 0.380831
 0 0.406194
 0 0.376095
 0 0.414187
 0 0.404737
 0 0.343708
 0 0.407567
 0 0.413955
 0 0.421513
 0 0.415671
 0 0.404796
 0 0.416521
 0 0.358201
 0 0.361942
 0 0.364275
 0 0.384067
 0 0.422971
 0 0.384905
 0 0.389531
 0 0.392267
 0 0.383168
 0 0.358587
 0 0.424964
 0 0.344096
 0 0.41795
 0 0.391676
 0 0.355079
 0 0.39421
 0 0.399725
 0 0.35671
 0 0.389372
 0 0.381138
 0 0.39133
 0 0.365564
 0 0.384345
 0 0.374749
 0 0.406934
 0 0.324932
 0 0.432256
 0 0.420429
 0 0.384035
 0 0.351839
 0 0.363689
 0 0.424673
 0 0.399717
 0 0.397056
 0 0.447421
 0 0.379316
 0 0.370354
 0 0.355494
 0 0.384894
 0 0.392904
 0 0.388734
 0 0.412355
 0 0.371149
 0 0.370989
 0 0.370551
 0 0.409783
 0 0.36351
 0 0.388445
 0 0.41337
 0 0.387412
 0 0.399668
 0 0.412203
 0 0.38032
 0 0.406697
 0 0.403355
 0 0.422965
 0 0.393118
 0 0.340748
 0 0.380043
 0 0.385491
 0 0.333601
 0 0.427423
 0 0.392133
 0 0.360088
 0 0.385018
 0 0.394524
 0 0.383989
 0 0.423376
 0 0.390408
 0 0.392374
 0 0.412527
 0 0.406856
 0 0.367709
 0 0.386174
 0 0.382483
 0 0.396484
 0 0.3692
 0 0.390661
 0 0.409182
 0 0.375455
 0 0.31146
 0 0.391559
 0 0.441053
 0 0.385617
 0 0.350074
 0 0.396462
 0 0.414682
 0 0.41097
 0 0.368711
 0 0.374947
 0 0.387666
 0 0.377131
 0 0.400223
 0 0.39746
 0 0.421649
 0 0.350231
 0 0.432608
 0 0.404653
 0 0.379377
 0 0.376766
 0 0.393664
 0 0.376055
 0 0.385839
 0 0.416268
 0 0.420594
 0 0.410535
 0 0.381606
 0 0.354269
 0 0.390457
 0 0.39787
 0 0.401066
 0 0.384433
 0 0.422023
 0 0.404855
 0 0.383964
 0 0.404635
 0 0.412803
 0 0.404081
 0 0.398176
 0 0.403997
 0 0.393653
 0 0.348243
 0 0.422682
 0 0.421131
 0 0.408682
 0 0.36755
 0 0.40576
 0 0.424422
 0 0.369468
 0 0.401058
 0 0.392265
 0 0.386616
 0 0.358499
 0 0.427421
 0 0.40167
 0 0.466195
 0 0.37917
 0 0.409087
 0 0.359933
 0 0.392607
 0 0.387255
 0 0.381818
 0 0.402048
 0 0.366325
 0 0.413209
 0 0.356043
 0 0.325892
 0 0.384725
 0 0.392877
 0 0.373826
 0 0.410486
 0 0.407875
 0 0.377886
 0 0.389367
 0 0.404437
 0 0.427909
 0 0.386611
 0 0.343943
 0 0.428424
 0 0.369367
 0 0.40093
 0 0.403084
 0 0.381027
 0 0.388599
 0 0.405182
 0 0.401003
 0 0.370966
 0 0.386323
 0 0.376181
 0 0.346263
 0 0.388999
 0 0.357846
 0 0.363766
 0 0.409473
 0 0.380599
 0 0.405693
 0 0.361619
 0 0.337869
 0 0.411051
 0 0.405182
 0 0.391568
 0 0.394322
 0 0.428566
 0 0.41577
 0 0.427449
 0 0.405783
 0 0.381697
 0 0.398148
 0 0.422617
 0 0.356788
 0 0.355608
 0 0.392615
 0 0.406581
 0 0.368342
 0 0.408578
 0 0.390886
 0 0.339512
 0 0.373321
 0 0.372442
 0 0.401971
 0 0.370983
 0 0.389321
 0 0.359449
 0 0.395957
 0 0.381869
 0 0.358137
 0 0.390487
 0 0.367043
 0 0.390479
 0 0.420725
 0 0.407085
 0 0.348078
 0 0.412798
 0 0.406643
 0 0.412318
 0 0.391149
 0 0.396703
 0 0.389915
 0 0.418986
 0 0.370526
 0 0.365326
 0 0.419635
 0 0.387941
 0 0.413301
 0 0.405013
 0 0.393969
 0 0.401122
 0 0.411314
 0 0.417995
 0 0.383166
 0 0.425464
 0 0.412046
 0 0.401681
 0 0.371382
 0 0.403111
 0 0.381963
 0 0.408596
 0 0.36336
 0 0.376039
 0 0.393489
 0 0.387739
 0 0.411083
 0 0.414819
 0 0.413602
 0 0.387298
 0 0.405502
 0 0.38699
 0 0.387928
 0 0.424055
 0 0.396249
 0 0.365483
 0 0.394165
 0 0.452122
 0 0.433086
 0 0.346204
 0 0.445893
 0 0.420012
 0 0.393076
 0 0.366755
 0 0.408199
 0 0.366125
 0 0.403899
 0 0.421534
 0 0.419079
 0 0.355214
 0 0.410846
 0 0.391642
 0 0.369295
 0 0.383755
 0 0.41066
 0 0.394693
 0 0.396811
 0 0.380347
 0 0.404889
 0 0.363276
 0 0.37931
 0 0.374149
 0 0.401826
 0 0.385178
 0 0.392714
 0 0.379957
 0 0.409576
 0 0.404852
 0 0.422211
 0 0.416752
 0 0.405919
 0 0.386722
 0 0.385678
 0 0.411418
 0 0.417486
 0 0.402617
 0 0.389484
 0 0.405694
 0 0.403885
 0 0.380007
 0 0.420422
 0 0.368971
 0 0.398125
 0 0.396461
 0 0.353584
 0 0.452356
 0 0.400639
 0 0.376404
 0 0.444828
 0 0.392213
 0 0.417513
 0 0.41082
 0 0.377252
 0 0.426067
 0 0.38431
 0 0.327714
 0 0.394747
 0 0.386475
 0 0.409781
 0 0.389275
 0 0.394865
 0 0.393077
 0 0.350957
 0 0.430292
 0 0.402126
 0 0.379146
 0 0.418513
 0 0.41731
 0 0.410662
 0 0.423712
 0 0.371642
 0 0.421883
 0 0.429708
 0 0.412455
 0 0.308821
 0 0.421116
 0 0.405057
 0 0.403473
 0 0.374207
 0 0.416867
 0 0.380289
 0 0.361102
 0 0.395629
 0 0.399923
 0 0.351693
 0 0.376369
 0 0.38983
 0 0.404428
 0 0.393411
 0 0.38067
 0 0.37532
 0 0.377356
 0 0.442446
 0 0.400837
 0 0.415761
 0 0.37275
 0 0.340155
 0 0.390411
 0 0.425714
 0 0.407422
 0 0.37699
 0 0.394348
 0 0.395659
 0 0.405896
 0 0.379749
 0 0.371478
 0 0.412126
 0 0.343794
 0 0.428137
 0 0.398345
 0 0.385921
 0 0.405685
 0 0.392231
 0 0.381505
 0 0.331968
 0 0.390629
 0 0.398446
 0 0.38857
 0 0.397774
 0 0.389447
 0 0.394482
 0 0.438496
 0 0.382736
 0 0.416181
 0 0.399585
 0 0.405513
 0 0.411031
 0 0.399137
 0 0.388771
