553 1 0 0 1
 0 3.78379
 0 -1.2433
 0 -0.0471134
 0 7.41275
 0 -3.42454
 0 3.38783
 0 9.70759
 0 2.80418
 0 -2.41168
 0 -7.92942
 0 2.52333
 0 -0.10239
 0 5.72365
 0 -6.02489
 0 4.9845
 0 -0.511595
 0 0.106012
 0 0.424279
 0 4.70093
 0 9.86419
 0 -0.000158308
 0 -0.909032
 0 -0.476305
 0 -1.98391
 0 1.73483
 0 -5.92982
 0 5.35609
 0 0.189553
 0 1.775
 0 -3.40033
 0 3.84992
 0 -1.93138
 0 -0.0394509
 0 -5.03707
 0 -1.99273
 0 -0.0987817
 0 -6.24677
 0 6.21699
 0 -3.05873
 0 3.51777
 0 6.33809
 0 -8.08774
 0 -2.0551
 0 -5.00598
 0 1.70826
 0 6.24355
 0 -2.5543
 0 -1.79952
 0 -0.53352
 0 -1.8064
 0 5.67189
 0 0.436765
 0 0.00512342
 0 14.6151
 0 -0.741274
 0 -7.30554
 0 -7.36258
 0 1.35558
 0 0.00625762
 0 -1.99623
 0 3.7271
 0 -2.53238
 0 2.12667
 0 4.81003
 0 5.44766
 0 1.11516
 0 -5.28642
 0 0.382513
 0 1.18197
 0 -0.179329
 0 -4.62529
 0 -3.7231
 0 -0.487312
 0 -1.82098
 0 -0.0340457
 0 0.00528382
 0 -6.49518
 0 -1.70064
 0 -4.89361
 0 3.02487
 0 2.13573
 0 -1.01162
 0 7.46535
 0 -15.2664
 0 -0.00404027
 0 0.342666
 0 0.00844781
 0 4.004
 0 -7.7048
 0 -12.0666
 0 -0.0347507
 0 3.57336
 0 2.90463
 0 -0.339259
 0 4.69769
 0 -8.96353
 0 -1.7524
 0 -4.12991
 0 1.61254
 0 2.31744
 0 12.1065
 0 -2.03447
 0 -2.70398
 0 -3.5665
 0 -1.91296
 0 2.00969
 0 3.84167
 0 -0.0228994
 0 -0.0314237
 0 -3.6679
 0 0.279468
 0 5.8045
 0 -11.6843
 0 1.63991
 0 -0.390998
 0 3.30922
 0 6.56178
 0 -2.77903
 0 0.445685
 0 1.68417
 0 -3.67084
 0 -5.61748
 0 3.85594
 0 5.53802
 0 1.66623
 0 2.94659
 0 -7.41728
 0 -2.70701
 0 1.23871
 0 -3.79508
 0 -3.91589
 0 3.77774
 0 8.85595
 0 -1.82419
 0 -2.85853
 0 -3.7797
 0 3.19908
 0 0.0313977
 0 9.76051
 0 7.6628
 0 0.629472
 0 0.939935
 0 4.23625
 0 0.585666
 0 -0.405268
 0 -6.02583
 0 7.60938
 0 4.92296
 0 0.0234819
 0 -0.018637
 0 0.0103047
 0 5.09755
 0 5.66056
 0 3.36167
 0 0.909847
 0 6.65026
 0 1.01676
 0 -0.395982
 0 0.26715
 0 -1.74484
 0 5.01989
 0 -0.00307229
 0 -4.01015
 0 1.62406
 0 -2.87282
 0 -17.3411
 0 5.76224
 0 5.6672
 0 7.56411
 0 4.6925
 0 0.262263
 0 -1.24837
 0 -4.53743
 0 -1.5329
 0 -1.21897
 0 6.53331
 0 -2.16977
 0 -5.08626
 0 -1.23031
 0 -3.68964
 0 0.00677191
 0 3.92664
 0 2.32591
 0 3.00637
 0 8.74552
 0 5.88038
 0 5.82558
 0 -0.494394
 0 -6.67148
 0 6.33874
 0 -4.63204
 0 -7.12337
 0 0.921414
 0 -2.25523
 0 2.36186
 0 3.93651
 0 9.46301
 0 -5.62207
 0 4.68969
 0 0.34029
 0 -2.54165
 0 0.382817
 0 0.578633
 0 -7.62384
 0 2.5866
 0 -2.02351
 0 11.2436
 0 1.11384
 0 -11.6639
 0 -4.44092
 0 -2.82349
 0 4.8348
 0 -10.2474
 0 -0.300346
 0 -6.80599
 0 2.61873
 0 8.50107
 0 -1.56965
 0 -2.5149
 0 -5.49671
 0 -4.40814
 0 1.79056
 0 0.550435
 0 4.15639
 0 3.07163
 0 -1.71525
 0 -4.33025
 0 -9.69042
 0 3.25331
 0 8.41819
 0 9.40712
 0 -2.53554
 0 -1.74174
 0 2.4245
 0 0.588308
 0 -2.21708
 0 3.86492
 0 3.20461
 0 0.16694
 0 1.81778
 0 1.93347
 0 -0.985511
 0 6.47304
 0 -4.77984
 0 0.25181
 0 -0.282877
 0 -8.16884
 0 1.62637
 0 -5.14453
 0 -0.229221
 0 -0.312456
 0 -1.53891
 0 1.51294
 0 10.8519
 0 1.04835
 0 1.91201
 0 3.60506
 0 8.09038
 0 2.88183
 0 -4.06021
 0 1.85263
 0 2.45082
 0 2.91417
 0 3.33762
 0 3.70417
 0 -5.28066
 0 1.88984
 0 1.2661
 0 4.82593
 0 -6.49072
 0 0.25947
 0 7.45579
 0 5.87102
 0 1.2392
 0 -2.06166
 0 1.92003
 0 6.97429
 0 4.74265
 0 -4.8473
 0 6.69958
 0 2.49907
 0 2.21619
 0 0.486229
 0 -1.32253
 0 -1.32183
 0 1.35336
 0 -6.77928
 0 -1.1917
 0 0.49625
 0 -0.000818178
 0 5.99266
 0 7.27973
 0 -3.72155
 0 -1.18978
 0 1.60135
 0 -3.5042
 0 -5.53465
 0 -4.79389
 0 3.31757
 0 3.76639
 0 -1.85766
 0 0.454655
 0 -7.69579
 0 2.04837
 0 -2.5432
 0 1.40758
 0 6.69357
 0 -5.56164
 0 1.31446
 0 6.15971
 0 -2.71435
 0 3.51142
 0 7.23098
 0 -1.96776
 0 1.87198
 0 0.565456
 0 0.185276
 0 1.88342
 0 0.061934
 0 -0.243849
 0 1.25485
 0 4.00705
 0 8.06481
 0 -10.0355
 0 3.64884
 0 -1.90967
 0 -4.47656
 0 2.22109
 0 1.11978
 0 6.26173
 0 -4.11111
 0 5.60095
 0 0.354093
 0 -1.34795
 0 0.368644
 0 -1.37248
 0 1.58043
 0 7.76012
 0 0.627078
 0 -1.59945
 0 1.47286
 0 -7.08474
 0 3.57011
 0 0.496867
 0 -3.1059
 0 -3.42091
 0 -3.65062
 0 -5.80493
 0 2.8366
 0 3.4684
 0 2.26259
 0 -1.39255
 0 -2.14235
 0 -1.3699
 0 3.76784
 0 2.30102
 0 -0.0529228
 0 -6.98258
 0 -3.58347
 0 3.5645
 0 9.49331
 0 -7.03775
 0 0.010724
 0 0.360313
 0 -5.38931
 0 -0.0228855
 0 7.54191
 0 -0.386761
 0 -3.23603
 0 -3.68956
 0 -2.34183
 0 4.70161
 0 -3.81497
 0 -0.087797
 0 15.8231
 0 -0.257945
 0 -1.74464
 0 0.217075
 0 -0.0563429
 0 3.83365
 0 -2.39121
 0 3.54535
 0 -3.11068
 0 -1.63308
 0 5.02521
 0 -0.556321
 0 -2.62254
 0 1.12758
 0 1.80914
 0 -2.56747
 0 1.83923
 0 1.66047
 0 4.57499
 0 4.95702
 0 -1.68243
 0 -3.23534
 0 -1.10667
 0 -3.11111
 0 2.71098
 0 2.83379
 0 1.14397
 0 -5.66745
 0 -2.33417
 0 -9.33734
 0 -0.909833
 0 -6.88192
 0 1.4536
 0 -1.28055
 0 -0.0611648
 0 -1.18752
 0 6.65467
 0 0.0731706
 0 -6.32383
 0 -2.8764
 0 -1.57507
 0 -2.8391
 0 0.061937
 0 -0.416993
 0 -8.24971
 0 7.78541
 0 -0.143795
 0 0.0245872
 0 2.89119
 0 -6.069
 0 0.224073
 0 1.82501
 0 5.01592
 0 5.15527
 0 1.47134
 0 2.98613
 0 -4.13611
 0 5.28458
 0 1.53721
 0 1.2205
 0 -1.20667
 0 -0.185773
 0 -0.410297
 0 3.67514
 0 1.60553
 0 -4.56149
 0 2.53812
 0 -2.36144
 0 0.498692
 0 3.85667
 0 -0.0700142
 0 3.42968
 0 -1.13238
 0 -2.99623
 0 -1.1955
 0 0.260587
 0 3.15956
 0 -1.42483
 0 -1.47257
 0 5.08354
 0 -2.52829
 0 -0.27122
 0 -0.47667
 0 1.59506
 0 -5.42577
 0 -0.22638
 0 -1.68029
 0 1.35622
 0 -1.42521
 0 0.0200789
 0 4.88257
 0 -5.88846
 0 -4.72484
 0 -2.83952
 0 -10.1533
 0 2.52018
 0 7.34949
 0 7.48719
 0 -3.95961
 0 -3.11693
 0 -0.0632399
 0 -3.67384
 0 -5.30986
 0 7.95881
 0 0.487862
 0 3.75371
 0 -2.69685
 0 0.326478
 0 7.08178
 0 2.30079
 0 6.62645
 0 -0.344722
 0 -0.0766312
 0 -1.62226
 0 -0.504672
 0 -0.347657
 0 -3.32962
 0 -4.653
 0 5.42932
 0 6.46043
 0 -1.80145
 0 -6.02343
 0 -4.99112
 0 -0.274619
 0 0.0507959
 0 2.28721
 0 3.58853
 0 1.33017
 0 -3.55783
 0 6.02632
 0 -8.60752
 0 4.60994
 0 -4.2866
 0 -0.0226807
 0 10.8242
 0 2.18645
 0 -3.01431
 0 7.30412
 0 -1.94248
 0 0.553295
 0 -4.60407
 0 8.60847
 0 5.39165
 0 0.393276
 0 5.48804
 0 1.24663
 0 -0.13185
 0 -6.21814
 0 2.0478
 0 -8.66686
 0 -8.13656
 0 -4.53398
 0 -0.0697212
 0 -1.71873
 0 -0.0644164
 0 -0.0189753
 0 9.58511
 0 -3.07274
 0 -4.89667
 0 10.048
 0 0.400154
 0 -7.61174
 0 3.85842
 0 -3.32233
 0 1.75684
 0 -1.90265
 0 2.91622
 0 -2.66035
 0 -9.5436
 0 -7.09374
 0 1.18546
 0 -1.90953
 0 -4.6914
 0 -11.4599
 0 -1.23306
 0 3.89328
 0 6.0467
 0 -6.6976
 0 -2.15005
