603 1 0 0 1
 0 0.296364
 0 0.372713
 0 0.383395
 0 0.355841
 0 0.35006
 0 0.395261
 0 0.303633
 0 0.338799
 0 0.320864
 0 0.353697
 0 0.377428
 0 0.34089
 0 0.309992
 0 0.330877
 0 0.332796
 0 0.35756
 0 0.321551
 0 0.327823
 0 0.321637
 0 0.365656
 0 0.290928
 0 0.339566
 0 0.352566
 0 0.352342
 0 0.308192
 0 0.294066
 0 0.343766
 0 0.363361
 0 0.361853
 0 0.34939
 0 0.334609
 0 0.342636
 0 0.332605
 0 0.314412
 0 0.33132
 0 0.378944
 0 0.331243
 0 0.315671
 0 0.319423
 0 0.308431
 0 0.369686
 0 0.339936
 0 0.376714
 0 0.350703
 0 0.396847
 0 0.323189
 0 0.334275
 0 0.327703
 0 0.367668
 0 0.296729
 0 0.359757
 0 0.373828
 0 0.32912
 0 0.303606
 0 0.415455
 0 0.372939
 0 0.354208
 0 0.354436
 0 0.301838
 0 0.365209
 0 0.373602
 0 0.338484
 0 0.294996
 0 0.341126
 0 0.318682
 0 0.343554
 0 0.219988
 0 0.29414
 0 0.338761
 0 0.322519
 0 0.327861
 0 0.360394
 0 0.344682
 0 0.329545
 0 0.417806
 0 0.290295
 0 0.342176
 0 0.329244
 0 0.34821
 0 0.327379
 0 0.324285
 0 0.327844
 0 0.333654
 0 0.371692
 0 0.308808
 0 0.382073
 0 0.307574
 0 0.387025
 0 0.340085
 0 0.320197
 0 0.346391
 0 0.330812
 0 0.304031
 0 0.372822
 0 0.358827
 0 0.320571
 0 0.297371
 0 0.352728
 0 0.359372
 0 0.353429
 0 0.325231
 0 0.31322
 0 0.334331
 0 0.345527
 0 0.3635
 0 0.349878
 0 0.342072
 0 0.375768
 0 0.374503
 0 0.325866
 0 0.345163
 0 0.230898
 0 0.311574
 0 0.321727
 0 0.297343
 0 0.354746
 0 0.309166
 0 0.398456
 0 0.374367
 0 0.350786
 0 0.317528
 0 0.344968
 0 0.379635
 0 0.324337
 0 0.36068
 0 0.328174
 0 0.348298
 0 0.353826
 0 0.347188
 0 0.330091
 0 0.388134
 0 0.336443
 0 0.334732
 0 0.360263
 0 0.303173
 0 0.370659
 0 0.309178
 0 0.335255
 0 0.334125
 0 0.385384
 0 0.32753
 0 0.34057
 0 0.320168
 0 0.360088
 0 0.370145
 0 0.377096
 0 0.36069
 0 0.330212
 0 0.361168
 0 0.381833
 0 0.363892
 0 0.366608
 0 0.314466
 0 0.334468
 0 0.334748
 0 0.343494
 0 0.344076
 0 0.371909
 0 0.359146
 0 0.32926
 0 0.355504
 0 0.357149
 0 0.30996
 0 0.323474
 0 0.366872
 0 0.346791
 0 0.332319
 0 0.338228
 0 0.346903
 0 0.335233
 0 0.369473
 0 0.354303
 0 0.325059
 0 0.363505
 0 0.343305
 0 0.374593
 0 0.365508
 0 0.329011
 0 0.333656
 0 0.300592
 0 0.35984
 0 0.370665
 0 0.339265
 0 0.318772
 0 0.34418
 0 0.351333
 0 0.293065
 0 0.2776
 0 0.364882
 0 0.366527
 0 0.302873
 0 0.376906
 0 0.278764
 0 0.328864
 0 0.334608
 0 0.362665
 0 0.339162
 0 0.300636
 0 0.326803
 0 0.304357
 0 0.383769
 0 0.36848
 0 0.343537
 0 0.306302
 0 0.364841
 0 0.359218
 0 0.319247
 0 0.353444
 0 0.337159
 0 0.261296
 0 0.350977
 0 0.348302
 0 0.321586
 0 0.339778
 0 0.361717
 0 0.347866
 0 0.35006
 0 0.359589
 0 0.342604
 0 0.26585
 0 0.3299
 0 0.283954
 0 0.328964
 0 0.379532
 0 0.31175
 0 0.353462
 0 0.328649
 0 0.384752
 0 0.314897
 0 0.349628
 0 0.339721
 0 0.382156
 0 0.327771
 0 0.360561
 0 0.332922
 0 0.357697
 0 0.324413
 0 0.371427
 0 0.290749
 0 0.30497
 0 0.3083
 0 0.312321
 0 0.35304
 0 0.419032
 0 0.330401
 0 0.405728
 0 0.359926
 0 0.325545
 0 0.324613
 0 0.332817
 0 0.377234
 0 0.366841
 0 0.345136
 0 0.339236
 0 0.342564
 0 0.269607
 0 0.302636
 0 0.328914
 0 0.355757
 0 0.281122
 0 0.352377
 0 0.326602
 0 0.308002
 0 0.328512
 0 0.364214
 0 0.322328
 0 0.362537
 0 0.381039
 0 0.326681
 0 0.35174
 0 0.338923
 0 0.336718
 0 0.336575
 0 0.356683
 0 0.355873
 0 0.380357
 0 0.279772
 0 0.287289
 0 0.315317
 0 0.318558
 0 0.396954
 0 0.369553
 0 0.347035
 0 0.347296
 0 0.365632
 0 0.34539
 0 0.382085
 0 0.337285
 0 0.330546
 0 0.36848
 0 0.320039
 0 0.321897
 0 0.324228
 0 0.320835
 0 0.36117
 0 0.350562
 0 0.378744
 0 0.344178
 0 0.381673
 0 0.151504
 0 0.351354
 0 0.362801
 0 0.296958
 0 0.276503
 0 0.341928
 0 0.343458
 0 0.408388
 0 0.331288
 0 0.333977
 0 0.34428
 0 0.320588
 0 0.328007
 0 0.344927
 0 0.361825
 0 0.353742
 0 0.357111
 0 0.358373
 0 0.343081
 0 0.336675
 0 0.352704
 0 0.347433
 0 0.345228
 0 0.372253
 0 0.359995
 0 0.378589
 0 0.317848
 0 0.3687
 0 0.30008
 0 0.349979
 0 0.332758
 0 0.340985
 0 0.36071
 0 0.359241
 0 0.345661
 0 0.344175
 0 0.338139
 0 0.356185
 0 0.304129
 0 0.347253
 0 0.372635
 0 0.307421
 0 0.349389
 0 0.350742
 0 0.3471
 0 0.304854
 0 0.34008
 0 0.370622
 0 0.180676
 0 0.279956
 0 0.336098
 0 0.453722
 0 0.256995
 0 0.384942
 0 0.387474
 0 0.429416
 0 0.328208
 0 0.353876
 0 0.340682
 0 0.36488
 0 0.340718
 0 0.346985
 0 0.336651
 0 0.241519
 0 0.357658
 0 0.329782
 0 0.256941
 0 0.339003
 0 0.346537
 0 0.345267
 0 0.369592
 0 0.341076
 0 0.345629
 0 0.296706
 0 0.343649
 0 0.406215
 0 0.330638
 0 0.311692
 0 0.384136
 0 0.314754
 0 0.361266
 0 0.365314
 0 0.34072
 0 0.317427
 0 0.33644
 0 0.318453
 0 0.337756
 0 0.318446
 0 0.269383
 0 0.276197
 0 0.318713
 0 0.320791
 0 0.346222
 0 0.380678
 0 0.368122
 0 0.352542
 0 0.313601
 0 0.313022
 0 0.361425
 0 0.340407
 0 0.350381
 0 0.349502
 0 0.371195
 0 0.373748
 0 0.359867
 0 0.335122
 0 0.32031
 0 0.344777
 0 0.390454
 0 0.330245
 0 0.301064
 0 0.335181
 0 0.34713
 0 0.30391
 0 0.322673
 0 0.344719
 0 0.308458
 0 0.350083
 0 0.342356
 0 0.372609
 0 0.346786
 0 0.318883
 0 0.336226
 0 0.336153
 0 0.328701
 0 0.342435
 0 0.362954
 0 0.309664
 0 0.332717
 0 0.340745
 0 0.369289
 0 0.308151
 0 0.302104
 0 0.362174
 0 0.363491
 0 0.341633
 0 0.314257
 0 0.366192
 0 0.326277
 0 0.327131
 0 0.332866
 0 0.353654
 0 0.3652
 0 0.364714
 0 0.359173
 0 0.346985
 0 0.346491
 0 0.373642
 0 0.42118
 0 0.342211
 0 0.410805
 0 0.365248
 0 0.349405
 0 0.322059
 0 0.348483
 0 0.355446
 0 0.38823
 0 0.314542
 0 0.348571
 0 0.340524
 0 0.307624
 0 0.36876
 0 0.372045
 0 0.352843
 0 0.34542
 0 0.367872
 0 0.381349
 0 0.355904
 0 0.357457
 0 0.302039
 0 0.339726
 0 0.335723
 0 0.415385
 0 0.378053
 0 0.327357
 0 0.390276
 0 0.379364
 0 0.33973
 0 0.317226
 0 0.345833
 0 0.262501
 0 0.396275
 0 0.349937
 0 0.393769
 0 0.349813
 0 0.384978
 0 0.339636
 0 0.33328
 0 0.302783
 0 0.342709
 0 0.385174
 0 0.351126
 0 0.314316
 0 0.385907
 0 0.338196
 0 0.321232
 0 0.321133
 0 0.363689
 0 0.303485
 0 0.363243
 0 0.332062
 0 0.337595
 0 0.377058
 0 0.382017
 0 0.363394
 0 0.410568
 0 0.327307
 0 0.343941
 0 0.355601
 0 0.337018
 0 0.338348
 0 0.367683
 0 0.362503
 0 0.337958
 0 0.365171
 0 0.346851
 0 0.355173
 0 0.355355
 0 0.327521
 0 0.338986
 0 0.414598
 0 0.334182
 0 0.279678
 0 0.376039
 0 0.346323
 0 0.389714
 0 0.371441
 0 0.29445
 0 0.420429
 0 0.368985
 0 0.314495
 0 0.341691
 0 0.377665
 0 0.361758
 0 0.342406
 0 0.31564
 0 0.306532
 0 0.336358
 0 0.352303
 0 0.320277
 0 0.369365
 0 0.342083
 0 0.359286
 0 0.380048
 0 0.368803
 0 0.30706
 0 0.34577
 0 0.380537
 0 0.370132
 0 0.266305
 0 0.364854
 0 0.459977
 0 0.354216
 0 0.296221
 0 0.363413
 0 0.33047
 0 0.294891
 0 0.363602
 0 0.356963
 0 0.333331
 0 0.353608
 0 0.358619
 0 0.356375
 0 0.319997
 0 0.382719
 0 0.279284
 0 0.33219
 0 0.340025
 0 0.382045
 0 0.345231
 0 0.290639
 0 0.309533
 0 0.333973
 0 0.36685
 0 0.314892
 0 0.3181
 0 0.359668
 0 0.354859
 0 0.352825
 0 0.351801
 0 0.320095
 0 0.374634
 0 0.246106
 0 0.354332
 0 0.339724
 0 0.283375
 0 0.3129
 0 0.345741
 0 0.314244
 0 0.254628
 0 0.336621
 0 0.276718
 0 0.35834
 0 0.346152
 0 0.323083
 0 0.347806
 0 0.376559
 0 0.331093
 0 0.356749
 0 0.306923
 0 0.387537
 0 0.347618
 0 0.344996
 0 0.380269
