603 1 0 0 1
 0 0.358449
 0 0.418298
 0 0.395008
 0 0.365279
 0 0.400681
 0 0.433066
 0 0.371812
 0 0.376164
 0 0.373805
 0 0.4015
 0 0.43601
 0 0.394243
 0 0.357798
 0 0.390314
 0 0.394968
 0 0.39615
 0 0.353865
 0 0.385187
 0 0.366355
 0 0.419088
 0 0.32768
 0 0.40227
 0 0.391744
 0 0.406787
 0 0.338543
 0 0.378587
 0 0.382125
 0 0.423963
 0 0.401212
 0 0.40056
 0 0.341373
 0 0.389312
 0 0.357299
 0 0.381839
 0 0.374531
 0 0.449533
 0 0.375005
 0 0.351976
 0 0.36858
 0 0.337459
 0 0.404324
 0 0.373654
 0 0.417409
 0 0.387388
 0 0.41871
 0 0.358453
 0 0.371401
 0 0.385553
 0 0.403141
 0 0.352871
 0 0.396119
 0 0.42329
 0 0.371415
 0 0.360032
 0 0.472841
 0 0.403133
 0 0.419617
 0 0.398445
 0 0.341597
 0 0.390629
 0 0.418805
 0 0.372436
 0 0.373461
 0 0.389344
 0 0.360231
 0 0.389337
 0 0.347401
 0 0.335923
 0 0.401044
 0 0.394855
 0 0.363987
 0 0.428171
 0 0.384399
 0 0.393301
 0 0.438285
 0 0.330163
 0 0.387158
 0 0.358617
 0 0.403525
 0 0.401412
 0 0.382308
 0 0.377835
 0 0.388803
 0 0.401547
 0 0.343587
 0 0.41878
 0 0.367738
 0 0.417581
 0 0.383861
 0 0.386205
 0 0.409361
 0 0.387335
 0 0.365798
 0 0.419144
 0 0.413391
 0 0.365238
 0 0.345996
 0 0.390943
 0 0.389206
 0 0.390916
 0 0.389697
 0 0.36993
 0 0.340312
 0 0.389178
 0 0.415663
 0 0.397644
 0 0.394674
 0 0.413494
 0 0.402006
 0 0.34991
 0 0.424324
 0 0.27607
 0 0.365243
 0 0.368066
 0 0.363283
 0 0.393537
 0 0.356904
 0 0.458761
 0 0.410995
 0 0.380687
 0 0.365475
 0 0.404902
 0 0.401887
 0 0.395392
 0 0.393118
 0 0.37679
 0 0.422411
 0 0.392766
 0 0.383227
 0 0.378938
 0 0.411187
 0 0.366377
 0 0.37585
 0 0.41336
 0 0.364263
 0 0.394669
 0 0.359858
 0 0.359489
 0 0.368027
 0 0.437106
 0 0.402281
 0 0.361314
 0 0.357741
 0 0.422585
 0 0.384888
 0 0.409338
 0 0.383756
 0 0.398287
 0 0.390783
 0 0.416411
 0 0.414928
 0 0.383169
 0 0.338214
 0 0.381991
 0 0.387976
 0 0.381141
 0 0.409649
 0 0.42936
 0 0.377317
 0 0.379458
 0 0.3898
 0 0.389921
 0 0.363762
 0 0.365679
 0 0.397008
 0 0.38048
 0 0.409463
 0 0.375395
 0 0.398428
 0 0.368158
 0 0.411776
 0 0.378397
 0 0.361957
 0 0.418886
 0 0.397233
 0 0.406031
 0 0.402203
 0 0.395287
 0 0.373157
 0 0.364188
 0 0.403527
 0 0.398427
 0 0.388672
 0 0.369063
 0 0.38148
 0 0.3873
 0 0.312966
 0 0.300809
 0 0.412312
 0 0.406289
 0 0.380115
 0 0.410041
 0 0.342462
 0 0.366574
 0 0.359556
 0 0.403767
 0 0.39665
 0 0.366078
 0 0.383525
 0 0.35151
 0 0.436499
 0 0.404704
 0 0.381036
 0 0.331708
 0 0.381775
 0 0.411236
 0 0.381461
 0 0.38881
 0 0.380239
 0 0.369668
 0 0.403389
 0 0.400518
 0 0.353255
 0 0.397011
 0 0.411774
 0 0.408119
 0 0.4071
 0 0.385277
 0 0.383803
 0 0.383404
 0 0.346393
 0 0.356243
 0 0.392763
 0 0.423129
 0 0.360819
 0 0.389703
 0 0.367761
 0 0.437909
 0 0.357055
 0 0.400682
 0 0.31868
 0 0.430664
 0 0.361401
 0 0.33328
 0 0.388105
 0 0.398127
 0 0.363663
 0 0.418051
 0 0.342158
 0 0.36728
 0 0.366533
 0 0.363109
 0 0.385606
 0 0.425207
 0 0.374319
 0 0.448686
 0 0.383209
 0 0.342392
 0 0.351309
 0 0.368284
 0 0.39444
 0 0.399584
 0 0.381853
 0 0.424241
 0 0.40518
 0 0.350408
 0 0.348689
 0 0.371732
 0 0.392085
 0 0.349919
 0 0.399683
 0 0.387063
 0 0.379595
 0 0.375085
 0 0.415218
 0 0.374221
 0 0.383547
 0 0.421513
 0 0.375366
 0 0.40876
 0 0.410337
 0 0.369634
 0 0.398286
 0 0.399272
 0 0.428856
 0 0.419562
 0 0.311401
 0 0.383804
 0 0.385431
 0 0.343314
 0 0.422767
 0 0.402674
 0 0.380852
 0 0.390353
 0 0.40181
 0 0.377987
 0 0.428928
 0 0.385746
 0 0.388956
 0 0.407596
 0 0.390084
 0 0.343062
 0 0.382655
 0 0.363548
 0 0.401309
 0 0.398977
 0 0.420207
 0 0.396682
 0 0.390147
 0 0.312404
 0 0.411545
 0 0.426575
 0 0.340069
 0 0.31007
 0 0.380598
 0 0.383706
 0 0.438495
 0 0.378579
 0 0.373369
 0 0.385231
 0 0.37073
 0 0.364145
 0 0.3832
 0 0.413581
 0 0.375611
 0 0.423195
 0 0.411717
 0 0.365177
 0 0.385612
 0 0.378889
 0 0.388158
 0 0.368288
 0 0.408594
 0 0.400479
 0 0.410708
 0 0.373347
 0 0.399789
 0 0.388212
 0 0.409866
 0 0.386664
 0 0.391937
 0 0.409229
 0 0.398762
 0 0.379762
 0 0.360258
 0 0.382119
 0 0.391461
 0 0.370728
 0 0.405447
 0 0.411225
 0 0.338703
 0 0.406044
 0 0.395077
 0 0.401782
 0 0.365559
 0 0.392802
 0 0.429493
 0 0.430828
 0 0.336157
 0 0.374957
 0 0.421256
 0 0.315281
 0 0.433812
 0 0.408656
 0 0.492682
 0 0.374036
 0 0.397669
 0 0.360606
 0 0.396703
 0 0.355031
 0 0.394158
 0 0.388612
 0 0.315679
 0 0.408109
 0 0.358022
 0 0.316629
 0 0.375828
 0 0.374365
 0 0.390751
 0 0.420681
 0 0.38378
 0 0.392931
 0 0.377267
 0 0.400619
 0 0.442115
 0 0.390024
 0 0.373054
 0 0.415837
 0 0.368415
 0 0.397613
 0 0.398304
 0 0.388617
 0 0.375137
 0 0.400023
 0 0.377905
 0 0.391692
 0 0.387811
 0 0.366502
 0 0.323037
 0 0.391207
 0 0.351536
 0 0.35153
 0 0.409824
 0 0.392071
 0 0.396136
 0 0.364076
 0 0.33417
 0 0.399927
 0 0.398841
 0 0.398289
 0 0.391876
 0 0.426325
 0 0.424642
 0 0.416107
 0 0.397469
 0 0.360907
 0 0.366889
 0 0.42483
 0 0.390064
 0 0.349975
 0 0.357249
 0 0.383758
 0 0.376954
 0 0.351866
 0 0.385943
 0 0.373098
 0 0.397699
 0 0.378836
 0 0.414224
 0 0.373243
 0 0.384484
 0 0.378972
 0 0.392103
 0 0.359885
 0 0.358122
 0 0.404632
 0 0.364821
 0 0.375886
 0 0.407786
 0 0.43112
 0 0.351709
 0 0.393375
 0 0.418577
 0 0.408007
 0 0.412856
 0 0.372074
 0 0.3894
 0 0.389423
 0 0.368572
 0 0.370031
 0 0.382863
 0 0.397716
 0 0.422892
 0 0.403525
 0 0.376425
 0 0.378344
 0 0.407795
 0 0.462518
 0 0.377349
 0 0.44008
 0 0.398649
 0 0.394478
 0 0.340016
 0 0.394151
 0 0.392397
 0 0.444041
 0 0.37456
 0 0.400929
 0 0.36624
 0 0.368826
 0 0.399004
 0 0.432227
 0 0.409395
 0 0.379565
 0 0.409291
 0 0.416089
 0 0.384657
 0 0.402567
 0 0.360125
 0 0.380765
 0 0.36643
 0 0.46772
 0 0.425477
 0 0.353367
 0 0.431346
 0 0.420171
 0 0.37868
 0 0.353652
 0 0.417687
 0 0.326319
 0 0.422797
 0 0.406291
 0 0.43797
 0 0.36504
 0 0.417059
 0 0.380367
 0 0.385189
 0 0.382651
 0 0.399503
 0 0.41355
 0 0.380227
 0 0.381531
 0 0.421086
 0 0.383342
 0 0.345082
 0 0.353844
 0 0.397697
 0 0.405309
 0 0.391174
 0 0.376998
 0 0.370206
 0 0.418067
 0 0.42254
 0 0.415754
 0 0.43505
 0 0.347464
 0 0.387377
 0 0.418817
 0 0.369451
 0 0.378103
 0 0.385675
 0 0.395849
 0 0.398567
 0 0.383639
 0 0.381539
 0 0.379604
 0 0.396816
 0 0.379746
 0 0.350319
 0 0.456229
 0 0.392397
 0 0.320376
 0 0.43247
 0 0.400719
 0 0.449653
 0 0.384197
 0 0.357551
 0 0.443575
 0 0.417488
 0 0.322424
 0 0.393589
 0 0.374493
 0 0.413607
 0 0.377259
 0 0.365997
 0 0.390764
 0 0.36917
 0 0.42215
 0 0.376871
 0 0.415263
 0 0.386448
 0 0.393917
 0 0.416906
 0 0.418121
 0 0.363106
 0 0.414057
 0 0.443478
 0 0.415013
 0 0.344803
 0 0.409888
 0 0.405419
 0 0.389293
 0 0.3508
 0 0.412963
 0 0.379445
 0 0.335446
 0 0.405479
 0 0.403485
 0 0.348395
 0 0.384524
 0 0.399582
 0 0.402471
 0 0.389092
 0 0.404925
 0 0.342773
 0 0.372803
 0 0.390905
 0 0.425953
 0 0.398519
 0 0.33346
 0 0.394993
 0 0.389179
 0 0.422743
 0 0.416493
 0 0.348565
 0 0.396312
 0 0.393491
 0 0.405701
 0 0.388402
 0 0.356085
 0 0.405338
 0 0.343004
 0 0.40587
 0 0.372897
 0 0.402673
 0 0.375591
 0 0.401252
 0 0.37335
 0 0.337222
 0 0.388237
 0 0.385715
 0 0.388086
 0 0.410493
 0 0.389229
 0 0.395849
 0 0.444611
 0 0.387842
 0 0.419886
 0 0.376549
 0 0.405093
 0 0.382568
 0 0.388877
 0 0.409466
