553 1 0 0 1
 0 0.343591
 0 0.382162
 0 0.552836
 0 0.371181
 0 0.443589
 0 0.348745
 0 0.602229
 0 0.413419
 0 0.247519
 0 0.213996
 0 0.232037
 0 0.505317
 0 0.46247
 0 0.312371
 0 0.554155
 0 0.372438
 0 0.395539
 0 0.628307
 0 0.439188
 0 0.554943
 0 0.092535
 0 0.391264
 0 0.336502
 0 0.278679
 0 0.548681
 0 0.238849
 0 0.445441
 0 0.207678
 0 0.322379
 0 0.385508
 0 0.454194
 0 0.394504
 0 0.369971
 0 0.553763
 0 0.302763
 0 0.272614
 0 0.482194
 0 0.502379
 0 0.232943
 0 0.426652
 0 0.483022
 0 0.272497
 0 0.184932
 0 0.257744
 0 0.34565
 0 0.412962
 0 0.445993
 0 0.305254
 0 0.324296
 0 0.245918
 0 0.446987
 0 0.279448
 0 0.355043
 0 0.547101
 0 0.400165
 0 0.34933
 0 0.260883
 0 0.236668
 0 0.324715
 0 0.463588
 0 0.472257
 0 0.367804
 0 0.295174
 0 0.355056
 0 0.469711
 0 0.635843
 0 0.247233
 0 0.149479
 0 0.229235
 0 0.388551
 0 0.180377
 0 0.490682
 0 0.442305
 0 0.1656
 0 0.240913
 0 0.48956
 0 0.392207
 0 0.336301
 0 0.359135
 0 0.498724
 0 0.383001
 0 0.365473
 0 0.53633
 0 0.222191
 0 0.309689
 0 0.553679
 0 0.353976
 0 0.262275
 0 0.14054
 0 0.111085
 0 0.574394
 0 0.517843
 0 0.554972
 0 0.369225
 0 0.327406
 0 0.259303
 0 0.27446
 0 0.46124
 0 0.450458
 0 0.373527
 0 0.362254
 0 0.203555
 0 0.444303
 0 0.171264
 0 0.268663
 0 0.368742
 0 0.374246
 0 0.299377
 0 0.377471
 0 0.229969
 0 0.196543
 0 0.453732
 0 0.264938
 0 0.281387
 0 0.337763
 0 0.426869
 0 0.388117
 0 0.111621
 0 0.306977
 0 0.33088
 0 0.278284
 0 0.242725
 0 0.43419
 0 0.438583
 0 0.280079
 0 0.274629
 0 0.22422
 0 0.518076
 0 0.321543
 0 0.437693
 0 0.225786
 0 0.391898
 0 0.35999
 0 0.250476
 0 0.350538
 0 0.196748
 0 0.457398
 0 0.303817
 0 0.320954
 0 0.448039
 0 0.397145
 0 0.260116
 0 0.365802
 0 0.208632
 0 0.314821
 0 0.47027
 0 0.43762
 0 0.292519
 0 0.229306
 0 0.509559
 0 0.447499
 0 0.476917
 0 0.356244
 0 0.381735
 0 0.211153
 0 0.518458
 0 0.219722
 0 0.354911
 0 0.355846
 0 0.313304
 0 0.546189
 0 0.265822
 0 0.244943
 0 0.451461
 0 0.314929
 0 -0.0696312
 0 0.306846
 0 0.496798
 0 0.391154
 0 0.379567
 0 0.335561
 0 0.247288
 0 0.397128
 0 0.297522
 0 0.377801
 0 0.21646
 0 0.389318
 0 0.345985
 0 0.216661
 0 0.307901
 0 0.269048
 0 0.515652
 0 0.454141
 0 0.332463
 0 0.273607
 0 0.390668
 0 0.43122
 0 0.3979
 0 0.37771
 0 0.507154
 0 0.290861
 0 0.267333
 0 0.552582
 0 0.260214
 0 0.574936
 0 0.343058
 0 0.37597
 0 0.256676
 0 0.214969
 0 0.569604
 0 0.197334
 0 0.385389
 0 0.397513
 0 0.423502
 0 0.354055
 0 0.341416
 0 0.26931
 0 0.475772
 0 0.472584
 0 0.387741
 0 0.193397
 0 0.395497
 0 0.0482714
 0 0.32551
 0 0.370308
 0 0.589124
 0 0.772122
 0 0.296801
 0 0.378143
 0 0.338208
 0 0.141861
 0 0.284472
 0 0.335246
 0 0.35009
 0 0.430401
 0 0.362815
 0 0.248971
 0 0.233088
 0 0.342353
 0 0.362205
 0 0.441589
 0 0.437427
 0 0.341313
 0 0.514463
 0 0.24008
 0 0.309772
 0 0.278084
 0 0.358599
 0 0.549022
 0 0.515585
 0 0.494764
 0 0.272161
 0 0.367021
 0 0.273837
 0 0.337542
 0 0.437114
 0 0.358208
 0 0.212567
 0 0.188417
 0 0.332981
 0 0.380248
 0 0.487198
 0 0.365869
 0 0.352569
 0 0.391415
 0 0.28003
 0 0.562335
 0 0.270491
 0 0.504486
 0 0.536632
 0 0.255764
 0 0.249638
 0 0.39639
 0 0.290079
 0 0.492425
 0 0.373592
 0 0.559938
 0 0.381731
 0 0.479872
 0 0.337678
 0 0.326586
 0 0.256619
 0 0.426163
 0 0.286017
 0 0.40252
 0 0.39474
 0 0.51767
 0 0.287149
 0 0.558874
 0 0.396204
 0 0.24672
 0 0.276758
 0 0.414598
 0 0.25742
 0 0.257826
 0 0.700576
 0 0.322379
 0 0.296926
 0 0.346118
 0 0.361863
 0 0.558635
 0 0.35656
 0 0.29521
 0 0.30736
 0 0.179181
 0 0.381365
 0 0.220776
 0 0.342221
 0 0.474123
 0 0.393596
 0 0.315608
 0 0.209958
 0 0.269323
 0 0.491262
 0 0.293127
 0 0.280434
 0 0.431779
 0 0.196395
 0 0.496
 0 0.454445
 0 0.259629
 0 0.241214
 0 0.634535
 0 0.222978
 0 0.201989
 0 0.201121
 0 0.470416
 0 0.524605
 0 0.444187
 0 0.392058
 0 0.301648
 0 0.429311
 0 0.397947
 0 0.23554
 0 0.614503
 0 0.33231
 0 0.117083
 0 0.595302
 0 0.122547
 0 0.379169
 0 0.381472
 0 -0.0481475
 0 0.592146
 0 0.411978
 0 0.384153
 0 0.350001
 0 0.442423
 0 0.366498
 0 0.454194
 0 0.553181
 0 0.595275
 0 0.139742
 0 0.309842
 0 0.330567
 0 0.189504
 0 0.30902
 0 0.340214
 0 0.255093
 0 0.563602
 0 0.509338
 0 0.281673
 0 0.379804
 0 0.271427
 0 0.441454
 0 0.790419
 0 0.387917
 0 0.445186
 0 0.21335
 0 0.404027
 0 0.250422
 0 0.319916
 0 0.204233
 0 0.408248
 0 0.317742
 0 0.231216
 0 0.275273
 0 0.487589
 0 0.516092
 0 0.272266
 0 0.269521
 0 0.355436
 0 0.555446
 0 0.271422
 0 0.142118
 0 0.592427
 0 0.285739
 0 0.1784
 0 0.25133
 0 0.289164
 0 0.481463
 0 0.191275
 0 0.395266
 0 0.439842
 0 0.507285
 0 0.450228
 0 0.366926
 0 0.380958
 0 0.412546
 0 0.404287
 0 0.277892
 0 0.418056
 0 0.315665
 0 0.481688
 0 0.407378
 0 0.269004
 0 0.305427
 0 0.207981
 0 0.514873
 0 0.403901
 0 0.490815
 0 0.284272
 0 0.14716
 0 0.445131
 0 0.326191
 0 0.421748
 0 0.26339
 0 0.386296
 0 0.577457
 0 0.370628
 0 0.37676
 0 0.336415
 0 0.223466
 0 0.223137
 0 0.186688
 0 0.435053
 0 0.159369
 0 0.40812
 0 0.378824
 0 0.305516
 0 0.528299
 0 0.344793
 0 0.221027
 0 0.362837
 0 0.365911
 0 0.406086
 0 0.355751
 0 0.399672
 0 0.262897
 0 0.508417
 0 0.396883
 0 0.305217
 0 0.445416
 0 0.462317
 0 0.221855
 0 0.427036
 0 0.45282
 0 0.247191
 0 0.396472
 0 0.368951
 0 0.225014
 0 0.371336
 0 0.376287
 0 0.472007
 0 0.383524
 0 0.269284
 0 0.231244
 0 0.478861
 0 0.395364
 0 0.131302
 0 0.318496
 0 0.302059
 0 0.144404
 0 0.379352
 0 0.469728
 0 0.295411
 0 0.456021
 0 0.258169
 0 0.487897
 0 0.442494
 0 0.147764
 0 0.229124
 0 0.233645
 0 0.354196
 0 0.27032
 0 0.347
 0 0.157705
 0 0.410918
 0 0.20262
 0 0.339521
 0 0.552439
 0 0.46413
 0 0.458077
 0 0.295227
 0 0.175958
 0 0.329676
 0 0.219534
 0 0.427626
 0 0.625226
 0 0.102854
 0 0.410587
 0 0.298725
 0 0.336063
 0 0.528592
 0 0.414985
 0 0.499733
 0 0.259191
 0 0.395346
 0 0.244983
 0 0.384026
 0 0.23368
 0 0.2247
 0 0.421449
 0 0.400579
 0 0.37344
 0 0.23605
 0 0.0534401
 0 0.174121
 0 0.337028
 0 0.396928
 0 0.701915
 0 0.357677
 0 0.194097
 0 0.375577
 0 0.328677
 0 0.292122
 0 0.376768
 0 0.178608
 0 0.334707
 0 0.501948
 0 0.357888
 0 0.2499
 0 0.347978
 0 0.327814
 0 0.275671
 0 0.220495
 0 0.335204
 0 0.372692
 0 0.326439
 0 0.526045
 0 0.433171
 0 0.233097
 0 0.156693
 0 0.56521
 0 0.263278
 0 0.179325
 0 0.294261
 0 0.3373
 0 0.348708
 0 0.120451
 0 0.430638
 0 0.309106
 0 0.384353
 0 0.318424
 0 0.357332
 0 0.449372
 0 0.143588
 0 0.347662
 0 0.305268
 0 0.321383
 0 0.403068
 0 0.533325
 0 0.363681
 0 0.356956
 0 0.339113
 0 0.319478
 0 0.263235
 0 0.425948
 0 0.225823
 0 0.329577
 0 0.432268
 0 0.426688
 0 0.321707
 0 0.344486
