553 1 0 0 1
 0 0.349239
 0 0.341007
 0 0.377926
 0 0.311658
 0 0.375222
 0 0.329203
 0 0.395284
 0 0.361328
 0 0.360579
 0 0.371131
 0 0.383551
 0 0.407683
 0 0.321261
 0 0.366552
 0 0.314256
 0 0.328179
 0 0.36311
 0 0.35502
 0 0.367243
 0 0.371682
 0 0.35028
 0 0.377934
 0 0.388217
 0 0.320447
 0 0.386607
 0 0.36004
 0 0.331055
 0 0.340726
 0 0.332351
 0 0.363903
 0 0.37912
 0 0.355367
 0 0.333957
 0 0.411099
 0 0.347489
 0 0.375392
 0 0.362268
 0 0.346523
 0 0.34868
 0 0.33263
 0 0.312713
 0 0.385908
 0 0.353031
 0 0.364436
 0 0.336325
 0 0.336715
 0 0.37189
 0 0.329721
 0 0.3465
 0 0.36542
 0 0.328546
 0 0.342031
 0 0.358069
 0 0.342468
 0 0.359327
 0 0.353076
 0 0.387077
 0 0.343855
 0 0.344621
 0 0.374709
 0 0.350674
 0 0.369131
 0 0.34616
 0 0.376906
 0 0.36221
 0 0.355816
 0 0.325484
 0 0.297217
 0 0.357138
 0 0.365528
 0 0.397992
 0 0.367665
 0 0.362254
 0 0.321884
 0 0.330808
 0 0.352874
 0 0.361549
 0 0.384474
 0 0.394025
 0 0.37247
 0 0.359809
 0 0.360894
 0 0.381063
 0 0.422512
 0 0.315955
 0 0.349183
 0 0.354724
 0 0.316304
 0 0.339264
 0 0.335376
 0 0.362609
 0 0.340982
 0 0.363759
 0 0.368075
 0 0.322721
 0 0.355329
 0 0.327661
 0 0.373621
 0 0.345288
 0 0.342321
 0 0.368975
 0 0.34694
 0 0.345395
 0 0.324748
 0 0.358399
 0 0.373153
 0 0.331745
 0 0.341943
 0 0.364403
 0 0.363437
 0 0.351743
 0 0.341298
 0 0.324065
 0 0.314779
 0 0.347384
 0 0.335223
 0 0.30646
 0 0.342116
 0 0.350148
 0 0.344846
 0 0.325357
 0 0.325332
 0 0.329196
 0 0.341123
 0 0.325818
 0 0.338071
 0 0.38537
 0 0.36915
 0 0.359744
 0 0.371633
 0 0.343769
 0 0.332239
 0 0.348274
 0 0.322228
 0 0.322759
 0 0.296842
 0 0.358609
 0 0.346287
 0 0.325594
 0 0.34283
 0 0.318887
 0 0.359799
 0 0.345611
 0 0.340145
 0 0.357606
 0 0.367681
 0 0.326048
 0 0.330795
 0 0.290221
 0 0.380559
 0 0.317428
 0 0.377687
 0 0.346287
 0 0.314155
 0 0.317209
 0 0.350571
 0 0.358312
 0 0.355596
 0 0.334976
 0 0.361613
 0 0.306563
 0 0.347534
 0 0.315692
 0 0.322858
 0 0.385732
 0 0.289524
 0 0.321524
 0 0.373427
 0 0.308619
 0 0.355728
 0 0.336769
 0 0.329901
 0 0.390812
 0 0.336383
 0 0.309449
 0 0.324073
 0 0.380717
 0 0.349198
 0 0.363882
 0 0.381044
 0 0.353316
 0 0.348218
 0 0.349583
 0 0.31821
 0 0.320239
 0 0.355987
 0 0.334899
 0 0.3538
 0 0.348331
 0 0.376253
 0 0.376898
 0 0.363697
 0 0.324145
 0 0.335625
 0 0.361853
 0 0.312537
 0 0.335468
 0 0.365114
 0 0.326904
 0 0.391092
 0 0.325014
 0 0.385105
 0 0.338596
 0 0.346146
 0 0.377715
 0 0.329826
 0 0.317699
 0 0.343827
 0 0.345852
 0 0.355449
 0 0.336329
 0 0.360686
 0 0.31874
 0 0.34076
 0 0.405958
 0 0.332415
 0 0.353731
 0 0.330119
 0 0.331443
 0 0.335555
 0 0.36434
 0 0.333097
 0 0.333234
 0 0.352715
 0 0.325037
 0 0.401225
 0 0.348795
 0 0.349447
 0 0.34609
 0 0.347303
 0 0.370214
 0 0.3321
 0 0.372969
 0 0.379024
 0 0.345082
 0 0.335628
 0 0.342972
 0 0.351536
 0 0.379594
 0 0.333317
 0 0.337695
 0 0.352967
 0 0.315062
 0 0.361415
 0 0.360153
 0 0.356352
 0 0.373397
 0 0.344303
 0 0.374779
 0 0.342066
 0 0.322489
 0 0.363543
 0 0.329486
 0 0.313929
 0 0.338998
 0 0.353185
 0 0.329941
 0 0.324296
 0 0.348337
 0 0.35049
 0 0.341086
 0 0.362405
 0 0.332908
 0 0.348981
 0 0.324077
 0 0.335552
 0 0.346446
 0 0.367628
 0 0.350076
 0 0.379991
 0 0.363397
 0 0.336042
 0 0.353698
 0 0.345236
 0 0.348306
 0 0.381906
 0 0.34121
 0 0.30691
 0 0.364054
 0 0.334284
 0 0.359075
 0 0.354738
 0 0.352882
 0 0.360887
 0 0.344102
 0 0.375924
 0 0.376777
 0 0.339284
 0 0.323007
 0 0.321963
 0 0.335429
 0 0.361441
 0 0.374945
 0 0.3409
 0 0.344275
 0 0.401469
 0 0.372711
 0 0.388051
 0 0.378109
 0 0.322745
 0 0.354459
 0 0.336549
 0 0.35395
 0 0.357011
 0 0.343749
 0 0.326235
 0 0.356476
 0 0.354454
 0 0.380931
 0 0.320654
 0 0.381595
 0 0.368788
 0 0.363408
 0 0.350505
 0 0.327194
 0 0.331176
 0 0.370094
 0 0.350877
 0 0.399108
 0 0.337038
 0 0.36315
 0 0.329122
 0 0.352852
 0 0.399079
 0 0.366942
 0 0.396357
 0 0.372623
 0 0.38472
 0 0.328668
 0 0.357444
 0 0.382134
 0 0.299302
 0 0.365364
 0 0.358864
 0 0.368687
 0 0.358232
 0 0.350687
 0 0.338174
 0 0.364613
 0 0.359001
 0 0.381491
 0 0.346786
 0 0.373149
 0 0.362156
 0 0.364872
 0 0.357418
 0 0.36849
 0 0.342104
 0 0.325695
 0 0.348067
 0 0.370966
 0 0.346219
 0 0.354191
 0 0.374014
 0 0.37082
 0 0.360521
 0 0.377757
 0 0.370719
 0 0.37316
 0 0.348636
 0 0.318583
 0 0.368
 0 0.378521
 0 0.353537
 0 0.342059
 0 0.309788
 0 0.3428
 0 0.366742
 0 0.354611
 0 0.383657
 0 0.354477
 0 0.342114
 0 0.356548
 0 0.329547
 0 0.347379
 0 0.337249
 0 0.330747
 0 0.357125
 0 0.344709
 0 0.365252
 0 0.369667
 0 0.351565
 0 0.377689
 0 0.354277
 0 0.356664
 0 0.341724
 0 0.332945
 0 0.365722
 0 0.364917
 0 0.351301
 0 0.349303
 0 0.344004
 0 0.360799
 0 0.364088
 0 0.301578
 0 0.351516
 0 0.362996
 0 0.391151
 0 0.338167
 0 0.334033
 0 0.360586
 0 0.367404
 0 0.376909
 0 0.399544
 0 0.347557
 0 0.379474
 0 0.339319
 0 0.36689
 0 0.35518
 0 0.365967
 0 0.318184
 0 0.310268
 0 0.359796
 0 0.316761
 0 0.354979
 0 0.34054
 0 0.357344
 0 0.33993
 0 0.384828
 0 0.362021
 0 0.357267
 0 0.348082
 0 0.371753
 0 0.392777
 0 0.367062
 0 0.359364
 0 0.35141
 0 0.357436
 0 0.37497
 0 0.338398
 0 0.36805
 0 0.337032
 0 0.347869
 0 0.34068
 0 0.348652
 0 0.389368
 0 0.339217
 0 0.338644
 0 0.35559
 0 0.342733
 0 0.349693
 0 0.346634
 0 0.38186
 0 0.352301
 0 0.350879
 0 0.299563
 0 0.319846
 0 0.359453
 0 0.334581
 0 0.364086
 0 0.320575
 0 0.344179
 0 0.332299
 0 0.357114
 0 0.350772
 0 0.396823
 0 0.325558
 0 0.366874
 0 0.375627
 0 0.353582
 0 0.371324
 0 0.326581
 0 0.369283
 0 0.339857
 0 0.305692
 0 0.343452
 0 0.334054
 0 0.358736
 0 0.36007
 0 0.3695
 0 0.332975
 0 0.356145
 0 0.310687
 0 0.316069
 0 0.368426
 0 0.318903
 0 0.376037
 0 0.349302
 0 0.353689
 0 0.323635
 0 0.357819
 0 0.366409
 0 0.355672
 0 0.325921
 0 0.347683
 0 0.345736
 0 0.375205
 0 0.391811
 0 0.363284
 0 0.355571
 0 0.3679
 0 0.362674
 0 0.339496
 0 0.345258
 0 0.336041
 0 0.327495
 0 0.363616
 0 0.368058
 0 0.375574
 0 0.372456
 0 0.334896
 0 0.337503
 0 0.396607
 0 0.356896
 0 0.358041
 0 0.360405
 0 0.372168
 0 0.354999
 0 0.373367
 0 0.361349
 0 0.371089
 0 0.334294
 0 0.343376
 0 0.359797
 0 0.318538
 0 0.341627
 0 0.357341
 0 0.362479
 0 0.346911
 0 0.35033
 0 0.305548
 0 0.33981
 0 0.349329
 0 0.349496
 0 0.359047
 0 0.322192
 0 0.349319
 0 0.364315
 0 0.331705
 0 0.386158
 0 0.289084
 0 0.321962
 0 0.336563
 0 0.309773
 0 0.362331
 0 0.351909
 0 0.355286
 0 0.353822
 0 0.333003
 0 0.343723
 0 0.388021
 0 0.365917
 0 0.392496
 0 0.378119
 0 0.350982
 0 0.359232
 0 0.383901
 0 0.363413
 0 0.351066
 0 0.340308
 0 0.334821
 0 0.329155
 0 0.369719
