603 1 0 0 1
 0 0.347928
 0 0.395539
 0 0.374844
 0 0.350383
 0 0.402337
 0 0.415719
 0 0.359689
 0 0.385636
 0 0.367921
 0 0.390534
 0 0.414741
 0 0.375079
 0 0.353569
 0 0.386623
 0 0.370917
 0 0.403135
 0 0.336566
 0 0.367886
 0 0.361096
 0 0.399421
 0 0.338191
 0 0.401474
 0 0.398538
 0 0.398644
 0 0.349525
 0 0.38625
 0 0.376525
 0 0.410183
 0 0.390681
 0 0.388996
 0 0.315937
 0 0.377319
 0 0.368248
 0 0.368887
 0 0.35306
 0 0.437702
 0 0.360983
 0 0.344356
 0 0.351838
 0 0.34774
 0 0.420062
 0 0.358462
 0 0.390135
 0 0.374985
 0 0.406933
 0 0.347741
 0 0.377241
 0 0.36756
 0 0.396737
 0 0.353732
 0 0.375349
 0 0.400296
 0 0.361416
 0 0.360668
 0 0.432516
 0 0.396736
 0 0.411127
 0 0.385495
 0 0.344543
 0 0.373724
 0 0.383535
 0 0.39262
 0 0.375355
 0 0.38421
 0 0.374202
 0 0.377308
 0 0.338958
 0 0.352429
 0 0.379226
 0 0.382348
 0 0.368372
 0 0.389018
 0 0.381293
 0 0.38279
 0 0.418256
 0 0.335391
 0 0.398792
 0 0.365775
 0 0.392641
 0 0.385771
 0 0.379952
 0 0.375047
 0 0.392045
 0 0.398024
 0 0.340119
 0 0.412101
 0 0.370676
 0 0.411616
 0 0.376916
 0 0.381168
 0 0.405813
 0 0.394648
 0 0.379411
 0 0.416866
 0 0.379579
 0 0.355442
 0 0.345927
 0 0.398926
 0 0.397197
 0 0.385696
 0 0.377327
 0 0.372587
 0 0.365776
 0 0.363383
 0 0.397172
 0 0.378702
 0 0.398476
 0 0.397888
 0 0.372943
 0 0.34743
 0 0.40931
 0 0.310582
 0 0.342676
 0 0.3678
 0 0.352692
 0 0.382652
 0 0.349647
 0 0.454496
 0 0.391691
 0 0.378507
 0 0.369697
 0 0.380093
 0 0.402252
 0 0.356908
 0 0.391967
 0 0.379997
 0 0.419086
 0 0.390594
 0 0.369227
 0 0.384213
 0 0.407601
 0 0.350427
 0 0.385171
 0 0.419538
 0 0.356153
 0 0.39713
 0 0.344038
 0 0.349798
 0 0.368422
 0 0.415115
 0 0.394459
 0 0.362801
 0 0.365101
 0 0.406344
 0 0.374417
 0 0.391697
 0 0.391444
 0 0.403847
 0 0.368755
 0 0.387061
 0 0.409949
 0 0.385098
 0 0.332367
 0 0.400097
 0 0.378653
 0 0.376673
 0 0.388466
 0 0.409529
 0 0.385495
 0 0.374381
 0 0.384953
 0 0.372716
 0 0.371352
 0 0.334463
 0 0.399427
 0 0.374117
 0 0.408052
 0 0.362455
 0 0.392722
 0 0.364511
 0 0.411341
 0 0.370225
 0 0.353586
 0 0.402709
 0 0.372116
 0 0.358597
 0 0.390124
 0 0.391271
 0 0.367925
 0 0.350938
 0 0.358912
 0 0.37821
 0 0.376013
 0 0.36377
 0 0.376047
 0 0.370106
 0 0.315478
 0 0.336068
 0 0.405347
 0 0.398272
 0 0.363162
 0 0.372822
 0 0.348594
 0 0.301419
 0 0.354916
 0 0.387357
 0 0.389071
 0 0.331611
 0 0.386611
 0 0.370553
 0 0.423722
 0 0.395576
 0 0.373775
 0 0.3707
 0 0.357508
 0 0.369156
 0 0.38452
 0 0.371435
 0 0.376077
 0 0.356234
 0 0.403095
 0 0.401714
 0 0.325193
 0 0.389478
 0 0.393827
 0 0.415985
 0 0.391318
 0 0.388836
 0 0.391629
 0 0.380198
 0 0.359299
 0 0.354055
 0 0.38976
 0 0.403107
 0 0.35729
 0 0.369759
 0 0.361593
 0 0.394892
 0 0.34963
 0 0.384065
 0 0.336697
 0 0.424602
 0 0.363338
 0 0.343747
 0 0.358879
 0 0.389464
 0 0.377573
 0 0.382197
 0 0.348721
 0 0.34198
 0 0.345777
 0 0.359728
 0 0.369942
 0 0.401352
 0 0.334818
 0 0.423396
 0 0.421933
 0 0.362959
 0 0.33071
 0 0.352123
 0 0.404134
 0 0.405591
 0 0.384812
 0 0.400458
 0 0.393581
 0 0.364346
 0 0.345503
 0 0.373208
 0 0.392018
 0 0.334776
 0 0.389283
 0 0.374798
 0 0.354274
 0 0.358607
 0 0.415837
 0 0.363057
 0 0.384695
 0 0.403336
 0 0.351949
 0 0.39491
 0 0.416695
 0 0.374005
 0 0.380684
 0 0.388401
 0 0.399459
 0 0.402934
 0 0.338186
 0 0.368048
 0 0.381757
 0 0.352022
 0 0.426683
 0 0.397926
 0 0.371146
 0 0.383912
 0 0.390239
 0 0.376592
 0 0.423079
 0 0.383916
 0 0.383199
 0 0.399321
 0 0.396598
 0 0.361837
 0 0.385505
 0 0.359318
 0 0.392398
 0 0.371768
 0 0.409162
 0 0.399354
 0 0.382259
 0 0.23387
 0 0.395242
 0 0.426157
 0 0.346062
 0 0.323493
 0 0.381818
 0 0.385112
 0 0.42868
 0 0.376831
 0 0.350402
 0 0.378097
 0 0.3557
 0 0.380748
 0 0.381217
 0 0.398222
 0 0.360429
 0 0.393995
 0 0.406981
 0 0.393044
 0 0.384884
 0 0.393625
 0 0.350332
 0 0.365535
 0 0.400301
 0 0.400028
 0 0.399849
 0 0.380899
 0 0.380541
 0 0.396569
 0 0.387193
 0 0.394476
 0 0.38222
 0 0.396544
 0 0.399087
 0 0.400104
 0 0.370534
 0 0.394177
 0 0.382805
 0 0.367484
 0 0.388589
 0 0.41017
 0 0.336901
 0 0.395406
 0 0.384823
 0 0.395711
 0 0.360671
 0 0.390583
 0 0.414744
 0 0.335954
 0 0.359601
 0 0.365635
 0 0.391112
 0 0.342886
 0 0.419673
 0 0.391589
 0 0.452173
 0 0.376925
 0 0.378085
 0 0.344863
 0 0.402952
 0 0.327616
 0 0.36489
 0 0.377208
 0 0.350706
 0 0.401024
 0 0.353751
 0 0.338261
 0 0.37592
 0 0.382959
 0 0.372323
 0 0.405704
 0 0.368041
 0 0.378252
 0 0.365978
 0 0.403142
 0 0.409663
 0 0.360291
 0 0.374978
 0 0.404518
 0 0.377249
 0 0.387706
 0 0.397485
 0 0.393053
 0 0.374062
 0 0.387604
 0 0.38478
 0 0.395846
 0 0.368058
 0 0.348291
 0 0.339906
 0 0.377406
 0 0.351575
 0 0.35864
 0 0.392673
 0 0.386564
 0 0.381575
 0 0.36079
 0 0.341423
 0 0.377673
 0 0.396041
 0 0.384399
 0 0.372201
 0 0.423153
 0 0.416713
 0 0.395337
 0 0.400354
 0 0.37326
 0 0.404678
 0 0.410727
 0 0.367955
 0 0.361869
 0 0.374397
 0 0.381601
 0 0.373651
 0 0.364984
 0 0.378191
 0 0.358522
 0 0.388711
 0 0.369135
 0 0.375688
 0 0.397088
 0 0.380375
 0 0.361505
 0 0.373435
 0 0.359537
 0 0.35736
 0 0.389701
 0 0.364183
 0 0.375937
 0 0.402204
 0 0.41801
 0 0.354983
 0 0.388161
 0 0.421274
 0 0.402022
 0 0.372265
 0 0.355374
 0 0.380647
 0 0.394477
 0 0.355121
 0 0.347465
 0 0.401144
 0 0.381476
 0 0.412585
 0 0.394852
 0 0.381471
 0 0.388675
 0 0.387474
 0 0.427516
 0 0.376994
 0 0.419828
 0 0.397923
 0 0.382886
 0 0.358296
 0 0.387076
 0 0.394298
 0 0.420591
 0 0.3641
 0 0.402363
 0 0.383564
 0 0.356954
 0 0.397191
 0 0.416887
 0 0.40169
 0 0.372064
 0 0.39398
 0 0.401978
 0 0.405041
 0 0.415346
 0 0.375947
 0 0.376304
 0 0.367421
 0 0.467103
 0 0.419756
 0 0.330716
 0 0.417448
 0 0.407246
 0 0.379399
 0 0.370294
 0 0.396021
 0 0.336669
 0 0.410258
 0 0.4016
 0 0.425643
 0 0.3398
 0 0.405225
 0 0.383158
 0 0.387451
 0 0.376826
 0 0.407146
 0 0.390834
 0 0.38182
 0 0.384959
 0 0.409169
 0 0.368897
 0 0.362092
 0 0.345867
 0 0.381204
 0 0.377191
 0 0.369796
 0 0.371872
 0 0.373244
 0 0.4092
 0 0.421568
 0 0.396376
 0 0.417583
 0 0.342762
 0 0.372342
 0 0.39599
 0 0.392764
 0 0.370768
 0 0.40129
 0 0.400505
 0 0.378948
 0 0.389695
 0 0.382593
 0 0.377473
 0 0.388729
 0 0.365622
 0 0.338335
 0 0.44868
 0 0.394554
 0 0.347695
 0 0.438572
 0 0.377261
 0 0.417355
 0 0.400818
 0 0.341817
 0 0.416135
 0 0.401244
 0 0.329049
 0 0.365758
 0 0.395399
 0 0.40236
 0 0.37287
 0 0.369474
 0 0.378601
 0 0.357829
 0 0.41472
 0 0.382599
 0 0.393015
 0 0.395851
 0 0.37925
 0 0.398615
 0 0.415744
 0 0.356142
 0 0.397422
 0 0.42549
 0 0.397199
 0 0.34715
 0 0.406051
 0 0.454206
 0 0.38075
 0 0.367204
 0 0.406267
 0 0.375575
 0 0.34485
 0 0.389545
 0 0.388658
 0 0.360247
 0 0.36884
 0 0.398477
 0 0.378411
 0 0.377827
 0 0.395889
 0 0.343251
 0 0.365978
 0 0.395116
 0 0.416768
 0 0.397502
 0 0.350921
 0 0.342739
 0 0.368894
 0 0.416678
 0 0.402749
 0 0.345979
 0 0.389677
 0 0.379804
 0 0.398298
 0 0.394494
 0 0.352954
 0 0.398255
 0 0.309461
 0 0.41125
 0 0.373346
 0 0.39945
 0 0.381371
 0 0.375089
 0 0.371511
 0 0.319038
 0 0.363315
 0 0.380044
 0 0.387153
 0 0.385273
 0 0.368449
 0 0.377478
 0 0.436583
 0 0.38479
 0 0.414158
 0 0.366541
 0 0.385564
 0 0.395415
 0 0.38923
 0 0.415163
