603 1 0 0 1
 0 0.407508
 0 0.479703
 0 0.40794
 0 0.42795
 0 0.465013
 0 0.456355
 0 0.491716
 0 0.414757
 0 0.404896
 0 0.439768
 0 0.545132
 0 0.474889
 0 0.390529
 0 0.458261
 0 0.424316
 0 0.393741
 0 0.366126
 0 0.402606
 0 0.392093
 0 0.459023
 0 0.384367
 0 0.419188
 0 0.443333
 0 0.429659
 0 0.411469
 0 0.371981
 0 0.353107
 0 0.430829
 0 0.412407
 0 0.441164
 0 0.362702
 0 0.455094
 0 0.434154
 0 0.300518
 0 0.389788
 0 0.455867
 0 0.429041
 0 0.396265
 0 0.40418
 0 0.43745
 0 0.402218
 0 0.413941
 0 0.438096
 0 0.363113
 0 0.431087
 0 0.345368
 0 0.40565
 0 0.369267
 0 0.430918
 0 0.365777
 0 0.420744
 0 0.421964
 0 0.423467
 0 0.451042
 0 0.533073
 0 0.40451
 0 0.426769
 0 0.43598
 0 0.399582
 0 0.419874
 0 0.409152
 0 0.470776
 0 0.442286
 0 0.428875
 0 0.414654
 0 0.399776
 0 0.448072
 0 0.377059
 0 0.437022
 0 0.424164
 0 0.469079
 0 0.426278
 0 0.400745
 0 0.454622
 0 0.449156
 0 0.422107
 0 0.421989
 0 0.407032
 0 0.478741
 0 0.451989
 0 0.363908
 0 0.47368
 0 0.406849
 0 0.40285
 0 0.346766
 0 0.483609
 0 0.450447
 0 0.414347
 0 0.372975
 0 0.408571
 0 0.440483
 0 0.437909
 0 0.39378
 0 0.454004
 0 0.410273
 0 0.431315
 0 0.377424
 0 0.411309
 0 0.473478
 0 0.431125
 0 0.422716
 0 0.468149
 0 0.407512
 0 0.35986
 0 0.481868
 0 0.41649
 0 0.40582
 0 0.437348
 0 0.38396
 0 0.369764
 0 0.455099
 0 0.356473
 0 0.408087
 0 0.438864
 0 0.361512
 0 0.419619
 0 0.412439
 0 0.510632
 0 0.438088
 0 0.433148
 0 0.411585
 0 0.460131
 0 0.432574
 0 0.407517
 0 0.452456
 0 0.397829
 0 0.461341
 0 0.414131
 0 0.367646
 0 0.395757
 0 0.445343
 0 0.384052
 0 0.410221
 0 0.435169
 0 0.387913
 0 0.452245
 0 0.408478
 0 0.43067
 0 0.419135
 0 0.496895
 0 0.420768
 0 0.375057
 0 0.378855
 0 0.474461
 0 0.424108
 0 0.429461
 0 0.404455
 0 0.450913
 0 0.438989
 0 0.468439
 0 0.464531
 0 0.428007
 0 0.354329
 0 0.427039
 0 0.429198
 0 0.430754
 0 0.445433
 0 0.496287
 0 0.410642
 0 0.427265
 0 0.451209
 0 0.409386
 0 0.396574
 0 0.386862
 0 0.434755
 0 0.448849
 0 0.415546
 0 0.353798
 0 0.480688
 0 0.377075
 0 0.422896
 0 0.438157
 0 0.41119
 0 0.47951
 0 0.398951
 0 0.401987
 0 0.435935
 0 0.430708
 0 0.384827
 0 0.380706
 0 0.352629
 0 0.445047
 0 0.418693
 0 0.384576
 0 0.424448
 0 0.38213
 0 0.301537
 0 0.410431
 0 0.398875
 0 0.436374
 0 0.427634
 0 0.421555
 0 0.364719
 0 0.352025
 0 0.411774
 0 0.446717
 0 0.437619
 0 0.308218
 0 0.417936
 0 0.41158
 0 0.418059
 0 0.461995
 0 0.396343
 0 0.343699
 0 0.406256
 0 0.39613
 0 0.434478
 0 0.47987
 0 0.457647
 0 0.393917
 0 0.434353
 0 0.416478
 0 0.362934
 0 0.431749
 0 0.417177
 0 0.4296
 0 0.447523
 0 0.46458
 0 0.455442
 0 0.452009
 0 0.405552
 0 0.393516
 0 0.47729
 0 0.451189
 0 0.474491
 0 0.42258
 0 0.434073
 0 0.439375
 0 0.382557
 0 0.445415
 0 0.307173
 0 0.455635
 0 0.4034
 0 0.392609
 0 0.372617
 0 0.424086
 0 0.38104
 0 0.397709
 0 0.41886
 0 0.41275
 0 0.443665
 0 0.395428
 0 0.427694
 0 0.443465
 0 0.42163
 0 0.543177
 0 0.439877
 0 0.422586
 0 0.344096
 0 0.399601
 0 0.382548
 0 0.435494
 0 0.435246
 0 0.436182
 0 0.382132
 0 0.450426
 0 0.367657
 0 0.397225
 0 0.444987
 0 0.409289
 0 0.455258
 0 0.402378
 0 0.429941
 0 0.433189
 0 0.418489
 0 0.41939
 0 0.435859
 0 0.448679
 0 0.378079
 0 0.480779
 0 0.471945
 0 0.407038
 0 0.392361
 0 0.433183
 0 0.44472
 0 0.445658
 0 0.418272
 0 0.455671
 0 0.417723
 0 0.392006
 0 0.48328
 0 0.450094
 0 0.335418
 0 0.428264
 0 0.421553
 0 0.414244
 0 0.468042
 0 0.364252
 0 0.383465
 0 0.419792
 0 0.508181
 0 0.461323
 0 0.364708
 0 0.436896
 0 0.415921
 0 0.445574
 0 0.432865
 0 0.438473
 0 0.431575
 0 0.286181
 0 0.423568
 0 0.487972
 0 0.402779
 0 0.398255
 0 0.446303
 0 0.427922
 0 0.462916
 0 0.431661
 0 0.418542
 0 0.457156
 0 0.406907
 0 0.45013
 0 0.40075
 0 0.429379
 0 0.443445
 0 0.40687
 0 0.490485
 0 0.440214
 0 0.466545
 0 0.437986
 0 0.407001
 0 0.402231
 0 0.437044
 0 0.418982
 0 0.445612
 0 0.423844
 0 0.390481
 0 0.420728
 0 0.457893
 0 0.445949
 0 0.359814
 0 0.478956
 0 0.472908
 0 0.412009
 0 0.429272
 0 0.429938
 0 0.450084
 0 0.395572
 0 0.411119
 0 0.462035
 0 0.44154
 0 0.432895
 0 0.433498
 0 0.440732
 0 0.398728
 0 0.45226
 0 0.415712
 0 0.449324
 0 0.375838
 0 0.395611
 0 0.434213
 0 0.313595
 0 0.489716
 0 0.376252
 0 0.453389
 0 0.407317
 0 0.432791
 0 0.445754
 0 0.426536
 0 0.420348
 0 0.444267
 0 0.453998
 0 0.376142
 0 0.438991
 0 0.380984
 0 0.432254
 0 0.392982
 0 0.447778
 0 0.398817
 0 0.518145
 0 0.4448
 0 0.44453
 0 0.354698
 0 0.453732
 0 0.453482
 0 0.431117
 0 0.375641
 0 0.481648
 0 0.404082
 0 0.471274
 0 0.441978
 0 0.391607
 0 0.3895
 0 0.366925
 0 0.377611
 0 0.40456
 0 0.466457
 0 0.41586
 0 0.383906
 0 0.44494
 0 0.4091
 0 0.342251
 0 0.435357
 0 0.453336
 0 0.440025
 0 0.41815
 0 0.399496
 0 0.425034
 0 0.482816
 0 0.38043
 0 0.430618
 0 0.431424
 0 0.472981
 0 0.437036
 0 0.431051
 0 0.417892
 0 0.50073
 0 0.434744
 0 0.424793
 0 0.396475
 0 0.435324
 0 0.434569
 0 0.384319
 0 0.398237
 0 0.39715
 0 0.345094
 0 0.392423
 0 0.345598
 0 0.458774
 0 0.428422
 0 0.400626
 0 0.430667
 0 0.388568
 0 0.398331
 0 0.422449
 0 0.431159
 0 0.35213
 0 0.425525
 0 0.49412
 0 0.478537
 0 0.367456
 0 0.434562
 0 0.477816
 0 0.444577
 0 0.45074
 0 0.395521
 0 0.364906
 0 0.492017
 0 0.420517
 0 0.426851
 0 0.461341
 0 0.412903
 0 0.442385
 0 0.434846
 0 0.367071
 0 0.379143
 0 0.467387
 0 0.464205
 0 0.415419
 0 0.486381
 0 0.458028
 0 0.3489
 0 0.405955
 0 0.424102
 0 0.478775
 0 0.43241
 0 0.327795
 0 0.447835
 0 0.491493
 0 0.35682
 0 0.496911
 0 0.478915
 0 0.475152
 0 0.376392
 0 0.416916
 0 0.467834
 0 0.454314
 0 0.48228
 0 0.382675
 0 0.386025
 0 0.407353
 0 0.495601
 0 0.480729
 0 0.367395
 0 0.463385
 0 0.379144
 0 0.434476
 0 0.357629
 0 0.422327
 0 0.391574
 0 0.473581
 0 0.445029
 0 0.478707
 0 0.412333
 0 0.396969
 0 0.401621
 0 0.446822
 0 0.502835
 0 0.425552
 0 0.432136
 0 0.397334
 0 0.448836
 0 0.455839
 0 0.383104
 0 0.411196
 0 0.402108
 0 0.430585
 0 0.423212
 0 0.310025
 0 0.472917
 0 0.370648
 0 0.437951
 0 0.429154
 0 0.492314
 0 0.510548
 0 0.364667
 0 0.439427
 0 0.390735
 0 0.388588
 0 0.386379
 0 0.436762
 0 0.436605
 0 0.440233
 0 0.455974
 0 0.382206
 0 0.419794
 0 0.448097
 0 0.450133
 0 0.34693
 0 0.467517
 0 0.370683
 0 0.379141
 0 0.522611
 0 0.388943
 0 0.371328
 0 0.444668
 0 0.409372
 0 0.416211
 0 0.427714
 0 0.334789
 0 0.452854
 0 0.383537
 0 0.452372
 0 0.455958
 0 0.41424
 0 0.360191
 0 0.363445
 0 0.456273
 0 0.412774
 0 0.414397
 0 0.449665
 0 0.424258
 0 0.431592
 0 0.44766
 0 0.355576
 0 0.376473
 0 0.479139
 0 0.411883
 0 0.344821
 0 0.427724
 0 0.426729
 0 0.390095
 0 0.436161
 0 0.464196
 0 0.412411
 0 0.366055
 0 0.452324
 0 0.415347
 0 0.422648
 0 0.365513
 0 0.486798
 0 0.403507
 0 0.406655
 0 0.478858
 0 0.387381
 0 0.421127
 0 0.454725
 0 0.431637
 0 0.349924
 0 0.423422
 0 0.326676
 0 0.474792
 0 0.477989
 0 0.440766
 0 0.35461
 0 0.407344
 0 0.37726
 0 0.453642
 0 0.353996
 0 0.409984
 0 0.450558
 0 0.324579
 0 0.423688
 0 0.41969
 0 0.518879
 0 0.397818
 0 0.388738
 0 0.43262
 0 0.363258
 0 0.368681
 0 0.39805
 0 0.477916
 0 0.431992
 0 0.42015
 0 0.423006
 0 0.470355
 0 0.453799
 0 0.494246
 0 0.398638
 0 0.429008
 0 0.483043
 0 0.380961
 0 0.465938
