553 1 0 0 1
 0 0.318021
 0 0.333422
 0 0.438858
 0 0.330004
 0 0.359827
 0 0.302552
 0 0.44029
 0 0.359878
 0 0.290598
 0 0.282829
 0 0.301794
 0 0.456965
 0 0.339471
 0 0.322965
 0 0.376418
 0 0.370388
 0 0.330635
 0 0.434584
 0 0.346268
 0 0.413482
 0 0.188358
 0 0.370659
 0 0.34777
 0 0.291627
 0 0.427265
 0 0.275744
 0 0.359496
 0 0.249999
 0 0.298641
 0 0.361792
 0 0.398554
 0 0.340681
 0 0.327492
 0 0.463942
 0 0.319162
 0 0.286971
 0 0.391016
 0 0.389283
 0 0.269247
 0 0.349219
 0 0.34181
 0 0.325152
 0 0.228445
 0 0.248824
 0 0.327895
 0 0.34905
 0 0.411656
 0 0.257468
 0 0.294181
 0 0.230253
 0 0.333566
 0 0.308106
 0 0.349172
 0 0.401503
 0 0.347911
 0 0.315595
 0 0.316317
 0 0.26082
 0 0.293192
 0 0.381094
 0 0.353763
 0 0.353362
 0 0.277572
 0 0.311216
 0 0.392699
 0 0.438701
 0 0.266035
 0 0.258659
 0 0.289599
 0 0.35177
 0 0.288791
 0 0.38381
 0 0.330316
 0 0.208205
 0 0.274498
 0 0.379335
 0 0.347113
 0 0.342514
 0 0.378497
 0 0.365325
 0 0.346216
 0 0.335962
 0 0.4456
 0 0.291949
 0 0.283197
 0 0.4035
 0 0.322913
 0 0.27123
 0 0.23444
 0 0.22435
 0 0.455792
 0 0.398314
 0 0.419365
 0 0.356306
 0 0.291091
 0 0.270515
 0 0.270774
 0 0.386272
 0 0.366423
 0 0.352348
 0 0.333763
 0 0.238677
 0 0.362143
 0 0.223938
 0 0.282601
 0 0.347206
 0 0.336318
 0 0.287256
 0 0.323485
 0 0.303518
 0 0.231505
 0 0.359387
 0 0.251841
 0 0.270397
 0 0.353154
 0 0.359023
 0 0.261985
 0 0.184853
 0 0.289082
 0 0.308271
 0 0.255333
 0 0.243514
 0 0.342409
 0 0.333444
 0 0.228471
 0 0.286407
 0 0.299545
 0 0.414529
 0 0.322355
 0 0.380975
 0 0.298328
 0 0.299464
 0 0.314391
 0 0.27528
 0 0.313008
 0 0.19963
 0 0.349848
 0 0.278623
 0 0.240781
 0 0.362154
 0 0.33046
 0 0.260906
 0 0.357944
 0 0.263091
 0 0.328534
 0 0.383596
 0 0.351698
 0 0.279968
 0 0.238468
 0 0.424531
 0 0.34854
 0 0.41738
 0 0.336822
 0 0.295147
 0 0.23568
 0 0.408765
 0 0.271036
 0 0.347442
 0 0.314164
 0 0.317423
 0 0.377271
 0 0.309806
 0 0.253077
 0 0.320456
 0 0.32141
 0 0.0695177
 0 0.3112
 0 0.391921
 0 0.332567
 0 0.346211
 0 0.316118
 0 0.25241
 0 0.358708
 0 0.306738
 0 0.313419
 0 0.262549
 0 0.332109
 0 0.313368
 0 0.25064
 0 0.361134
 0 0.295836
 0 0.378971
 0 0.357617
 0 0.298555
 0 0.280471
 0 0.317955
 0 0.319829
 0 0.374471
 0 0.356295
 0 0.399195
 0 0.314056
 0 0.295573
 0 0.406951
 0 0.294516
 0 0.394339
 0 0.310982
 0 0.307523
 0 0.275714
 0 0.244473
 0 0.427422
 0 0.222998
 0 0.383976
 0 0.349566
 0 0.375394
 0 0.35128
 0 0.288375
 0 0.249819
 0 0.390673
 0 0.417037
 0 0.325252
 0 0.259423
 0 0.350905
 0 0.176425
 0 0.307716
 0 0.381096
 0 0.421925
 0 0.519998
 0 0.285764
 0 0.291038
 0 0.353949
 0 0.241266
 0 0.241966
 0 0.335077
 0 0.305395
 0 0.353138
 0 0.362069
 0 0.287585
 0 0.253438
 0 0.291215
 0 0.298108
 0 0.355585
 0 0.355407
 0 0.322131
 0 0.459501
 0 0.278366
 0 0.298176
 0 0.296735
 0 0.336267
 0 0.457349
 0 0.384532
 0 0.367176
 0 0.267952
 0 0.327723
 0 0.328959
 0 0.316881
 0 0.347903
 0 0.333478
 0 0.230604
 0 0.278482
 0 0.32247
 0 0.311118
 0 0.403808
 0 0.362731
 0 0.281901
 0 0.336255
 0 0.326592
 0 0.384385
 0 0.24664
 0 0.396577
 0 0.399011
 0 0.283247
 0 0.261958
 0 0.30919
 0 0.272762
 0 0.367277
 0 0.341225
 0 0.411977
 0 0.363357
 0 0.36026
 0 0.306768
 0 0.332808
 0 0.288771
 0 0.34736
 0 0.30318
 0 0.341592
 0 0.368203
 0 0.379155
 0 0.256495
 0 0.46344
 0 0.354299
 0 0.318863
 0 0.276716
 0 0.378094
 0 0.282374
 0 0.282064
 0 0.454013
 0 0.31792
 0 0.300348
 0 0.302082
 0 0.307443
 0 0.410684
 0 0.310409
 0 0.334501
 0 0.292778
 0 0.251371
 0 0.35548
 0 0.285644
 0 0.345899
 0 0.385814
 0 0.33503
 0 0.301922
 0 0.290781
 0 0.306906
 0 0.389515
 0 0.282995
 0 0.31045
 0 0.369181
 0 0.281301
 0 0.442341
 0 0.315644
 0 0.297752
 0 0.281244
 0 0.446215
 0 0.286403
 0 0.208584
 0 0.256972
 0 0.386255
 0 0.409435
 0 0.386689
 0 0.361978
 0 0.311987
 0 0.354796
 0 0.385688
 0 0.306168
 0 0.41831
 0 0.344578
 0 0.243249
 0 0.425526
 0 0.20772
 0 0.343128
 0 0.340017
 0 0.092865
 0 0.452391
 0 0.345992
 0 0.366881
 0 0.346036
 0 0.345927
 0 0.30752
 0 0.370608
 0 0.415224
 0 0.440347
 0 0.227226
 0 0.306265
 0 0.326708
 0 0.244638
 0 0.315726
 0 0.323467
 0 0.291855
 0 0.389492
 0 0.405641
 0 0.257838
 0 0.329351
 0 0.279144
 0 0.379656
 0 0.549473
 0 0.337799
 0 0.399946
 0 0.277122
 0 0.390771
 0 0.288503
 0 0.306254
 0 0.26724
 0 0.376049
 0 0.319306
 0 0.277169
 0 0.240256
 0 0.32185
 0 0.408924
 0 0.288777
 0 0.313857
 0 0.333241
 0 0.399586
 0 0.315611
 0 0.226817
 0 0.418462
 0 0.298218
 0 0.255746
 0 0.255468
 0 0.293075
 0 0.389352
 0 0.289229
 0 0.351398
 0 0.400648
 0 0.390366
 0 0.355663
 0 0.343615
 0 0.322678
 0 0.333231
 0 0.357823
 0 0.291778
 0 0.35908
 0 0.283372
 0 0.386221
 0 0.35921
 0 0.289427
 0 0.327329
 0 0.242392
 0 0.452306
 0 0.33314
 0 0.364503
 0 0.312437
 0 0.217581
 0 0.414113
 0 0.343895
 0 0.338854
 0 0.334369
 0 0.333927
 0 0.457778
 0 0.281655
 0 0.330513
 0 0.264752
 0 0.266412
 0 0.294433
 0 0.255054
 0 0.383902
 0 0.279871
 0 0.324346
 0 0.339862
 0 0.309855
 0 0.389048
 0 0.34951
 0 0.274795
 0 0.335856
 0 0.403244
 0 0.351344
 0 0.320882
 0 0.367056
 0 0.281436
 0 0.405027
 0 0.318897
 0 0.306087
 0 0.342666
 0 0.361263
 0 0.284944
 0 0.345029
 0 0.368864
 0 0.247512
 0 0.360744
 0 0.330488
 0 0.258014
 0 0.323259
 0 0.336923
 0 0.417855
 0 0.345321
 0 0.282701
 0 0.238382
 0 0.378059
 0 0.340489
 0 0.204144
 0 0.293719
 0 0.275781
 0 0.2306
 0 0.321499
 0 0.428025
 0 0.311478
 0 0.366131
 0 0.273699
 0 0.383691
 0 0.392229
 0 0.220599
 0 0.296986
 0 0.230359
 0 0.320963
 0 0.284774
 0 0.290711
 0 0.245545
 0 0.377816
 0 0.27764
 0 0.339141
 0 0.417668
 0 0.37234
 0 0.339163
 0 0.256878
 0 0.220088
 0 0.32489
 0 0.256989
 0 0.365976
 0 0.436581
 0 0.218964
 0 0.318779
 0 0.325257
 0 0.333752
 0 0.405785
 0 0.323182
 0 0.382517
 0 0.320153
 0 0.391473
 0 0.30939
 0 0.351537
 0 0.278458
 0 0.270234
 0 0.362239
 0 0.310128
 0 0.328396
 0 0.270202
 0 0.205518
 0 0.24256
 0 0.323719
 0 0.356868
 0 0.478594
 0 0.309393
 0 0.244783
 0 0.348635
 0 0.293436
 0 0.324468
 0 0.314441
 0 0.239157
 0 0.326929
 0 0.393093
 0 0.350788
 0 0.311663
 0 0.280198
 0 0.334946
 0 0.306614
 0 0.203585
 0 0.326219
 0 0.354091
 0 0.309987
 0 0.395191
 0 0.37032
 0 0.260546
 0 0.239199
 0 0.415224
 0 0.31174
 0 0.277848
 0 0.273579
 0 0.303888
 0 0.328356
 0 0.19229
 0 0.390216
 0 0.296469
 0 0.334145
 0 0.315629
 0 0.297603
 0 0.355382
 0 0.238946
 0 0.322603
 0 0.305645
 0 0.327951
 0 0.361377
 0 0.416126
 0 0.344578
 0 0.396632
 0 0.344219
 0 0.325119
 0 0.302804
 0 0.381454
 0 0.265083
 0 0.29632
 0 0.397693
 0 0.313711
 0 0.283764
 0 0.330346
