603 1 0 0 1
 0 0.371365
 0 0.385631
 0 0.389082
 0 0.381922
 0 0.410032
 0 0.423009
 0 0.380796
 0 0.395835
 0 0.37774
 0 0.406887
 0 0.423116
 0 0.393784
 0 0.371285
 0 0.39665
 0 0.395847
 0 0.402838
 0 0.366632
 0 0.38531
 0 0.371674
 0 0.408259
 0 0.354999
 0 0.397481
 0 0.41053
 0 0.410777
 0 0.360347
 0 0.390156
 0 0.395974
 0 0.418234
 0 0.402935
 0 0.405248
 0 0.355453
 0 0.394155
 0 0.374566
 0 0.381572
 0 0.367616
 0 0.442067
 0 0.380094
 0 0.368409
 0 0.377786
 0 0.381106
 0 0.41514
 0 0.387724
 0 0.407594
 0 0.404026
 0 0.41713
 0 0.371562
 0 0.386266
 0 0.391492
 0 0.400422
 0 0.371888
 0 0.396321
 0 0.412733
 0 0.380153
 0 0.36328
 0 0.45767
 0 0.401488
 0 0.424548
 0 0.404373
 0 0.360276
 0 0.38801
 0 0.406483
 0 0.401881
 0 0.388441
 0 0.403987
 0 0.376175
 0 0.396176
 0 0.356645
 0 0.356284
 0 0.406958
 0 0.405633
 0 0.383014
 0 0.410643
 0 0.405075
 0 0.401936
 0 0.436402
 0 0.356166
 0 0.4128
 0 0.373625
 0 0.401828
 0 0.405003
 0 0.389443
 0 0.378084
 0 0.407836
 0 0.39549
 0 0.369227
 0 0.409433
 0 0.375092
 0 0.41596
 0 0.387635
 0 0.3894
 0 0.409716
 0 0.396698
 0 0.389526
 0 0.424292
 0 0.405983
 0 0.378417
 0 0.355971
 0 0.40488
 0 0.407283
 0 0.401524
 0 0.393462
 0 0.38979
 0 0.380502
 0 0.381781
 0 0.396498
 0 0.388965
 0 0.402871
 0 0.405092
 0 0.402467
 0 0.379417
 0 0.403055
 0 0.345022
 0 0.374302
 0 0.368333
 0 0.380508
 0 0.401045
 0 0.376507
 0 0.448583
 0 0.404106
 0 0.393591
 0 0.381473
 0 0.395104
 0 0.410357
 0 0.397978
 0 0.397977
 0 0.390358
 0 0.4113
 0 0.397647
 0 0.382853
 0 0.393631
 0 0.413614
 0 0.375546
 0 0.39914
 0 0.409151
 0 0.377373
 0 0.399113
 0 0.376489
 0 0.372219
 0 0.385455
 0 0.438018
 0 0.411117
 0 0.395363
 0 0.375951
 0 0.418522
 0 0.380342
 0 0.403949
 0 0.403445
 0 0.407988
 0 0.383377
 0 0.393625
 0 0.418903
 0 0.397844
 0 0.365228
 0 0.410211
 0 0.403378
 0 0.381789
 0 0.412255
 0 0.420365
 0 0.39513
 0 0.379413
 0 0.404483
 0 0.388125
 0 0.381235
 0 0.363125
 0 0.396417
 0 0.386063
 0 0.411404
 0 0.385215
 0 0.407898
 0 0.393328
 0 0.406345
 0 0.393884
 0 0.376862
 0 0.409632
 0 0.392658
 0 0.404888
 0 0.398774
 0 0.396829
 0 0.382965
 0 0.372415
 0 0.386427
 0 0.400874
 0 0.38522
 0 0.378306
 0 0.392329
 0 0.392639
 0 0.340927
 0 0.350499
 0 0.40919
 0 0.408766
 0 0.382183
 0 0.398109
 0 0.372152
 0 0.358849
 0 0.369519
 0 0.406973
 0 0.408534
 0 0.359352
 0 0.396198
 0 0.381602
 0 0.427057
 0 0.397563
 0 0.394798
 0 0.381199
 0 0.384798
 0 0.390946
 0 0.390138
 0 0.392341
 0 0.392052
 0 0.368173
 0 0.42018
 0 0.410195
 0 0.34651
 0 0.403561
 0 0.41714
 0 0.400414
 0 0.394339
 0 0.405262
 0 0.395095
 0 0.402058
 0 0.363872
 0 0.365975
 0 0.397927
 0 0.419073
 0 0.388648
 0 0.384885
 0 0.376894
 0 0.403892
 0 0.368686
 0 0.408479
 0 0.356302
 0 0.417659
 0 0.385012
 0 0.371799
 0 0.377204
 0 0.40118
 0 0.370696
 0 0.396563
 0 0.367718
 0 0.384615
 0 0.367082
 0 0.39237
 0 0.380724
 0 0.417337
 0 0.364894
 0 0.435419
 0 0.415577
 0 0.370194
 0 0.360775
 0 0.36473
 0 0.423083
 0 0.423765
 0 0.394004
 0 0.412488
 0 0.394003
 0 0.378677
 0 0.371863
 0 0.39345
 0 0.403746
 0 0.359268
 0 0.404661
 0 0.385973
 0 0.372062
 0 0.371098
 0 0.429185
 0 0.377244
 0 0.385273
 0 0.416376
 0 0.387764
 0 0.397363
 0 0.423606
 0 0.394985
 0 0.387962
 0 0.40188
 0 0.418371
 0 0.399122
 0 0.337528
 0 0.393513
 0 0.39175
 0 0.361022
 0 0.424163
 0 0.405021
 0 0.384613
 0 0.395774
 0 0.409597
 0 0.400541
 0 0.429701
 0 0.400525
 0 0.397528
 0 0.411307
 0 0.412974
 0 0.376207
 0 0.391236
 0 0.379655
 0 0.414506
 0 0.388427
 0 0.415815
 0 0.41689
 0 0.390312
 0 0.274016
 0 0.406653
 0 0.433694
 0 0.358829
 0 0.331247
 0 0.400449
 0 0.407747
 0 0.427979
 0 0.380653
 0 0.374005
 0 0.401785
 0 0.383429
 0 0.389273
 0 0.39997
 0 0.41505
 0 0.372977
 0 0.423016
 0 0.407017
 0 0.377864
 0 0.402512
 0 0.404487
 0 0.376855
 0 0.390341
 0 0.403438
 0 0.409715
 0 0.398532
 0 0.376172
 0 0.375907
 0 0.392195
 0 0.403502
 0 0.400485
 0 0.391301
 0 0.413985
 0 0.411204
 0 0.414189
 0 0.381395
 0 0.399146
 0 0.403721
 0 0.379136
 0 0.405314
 0 0.412689
 0 0.351196
 0 0.410541
 0 0.414819
 0 0.399962
 0 0.36868
 0 0.406921
 0 0.432648
 0 0.336718
 0 0.373353
 0 0.394397
 0 0.412488
 0 0.339032
 0 0.423078
 0 0.401111
 0 0.453882
 0 0.394474
 0 0.398956
 0 0.376481
 0 0.403968
 0 0.36676
 0 0.396221
 0 0.404
 0 0.36302
 0 0.412298
 0 0.373122
 0 0.345815
 0 0.390108
 0 0.396672
 0 0.387718
 0 0.41688
 0 0.381485
 0 0.401352
 0 0.396666
 0 0.4081
 0 0.431089
 0 0.382268
 0 0.374744
 0 0.420694
 0 0.385702
 0 0.405305
 0 0.40332
 0 0.408071
 0 0.382199
 0 0.394995
 0 0.39689
 0 0.394401
 0 0.388527
 0 0.367683
 0 0.354161
 0 0.391704
 0 0.36167
 0 0.373152
 0 0.403148
 0 0.396105
 0 0.399402
 0 0.36768
 0 0.359436
 0 0.412303
 0 0.40073
 0 0.397564
 0 0.39141
 0 0.426009
 0 0.428022
 0 0.415826
 0 0.399637
 0 0.368923
 0 0.397321
 0 0.420503
 0 0.371784
 0 0.371101
 0 0.386515
 0 0.398327
 0 0.378304
 0 0.388659
 0 0.397141
 0 0.363819
 0 0.398669
 0 0.385902
 0 0.395548
 0 0.397262
 0 0.379817
 0 0.383995
 0 0.387701
 0 0.367621
 0 0.350625
 0 0.396659
 0 0.373755
 0 0.38346
 0 0.41643
 0 0.42431
 0 0.36252
 0 0.392014
 0 0.425215
 0 0.412336
 0 0.387112
 0 0.381452
 0 0.393075
 0 0.403493
 0 0.373156
 0 0.373894
 0 0.398017
 0 0.400876
 0 0.421291
 0 0.412763
 0 0.388833
 0 0.392532
 0 0.406248
 0 0.445838
 0 0.390555
 0 0.411605
 0 0.413034
 0 0.385024
 0 0.369123
 0 0.39398
 0 0.400085
 0 0.436119
 0 0.369756
 0 0.395438
 0 0.386389
 0 0.368931
 0 0.406871
 0 0.427319
 0 0.417341
 0 0.38184
 0 0.415352
 0 0.395309
 0 0.405157
 0 0.418152
 0 0.390967
 0 0.382581
 0 0.377552
 0 0.442079
 0 0.425
 0 0.354025
 0 0.431923
 0 0.417687
 0 0.393906
 0 0.3708
 0 0.402865
 0 0.357418
 0 0.425125
 0 0.416223
 0 0.428849
 0 0.361941
 0 0.41643
 0 0.39636
 0 0.393525
 0 0.395451
 0 0.410575
 0 0.409631
 0 0.399775
 0 0.389449
 0 0.407308
 0 0.391483
 0 0.37179
 0 0.37197
 0 0.410525
 0 0.39986
 0 0.376704
 0 0.385892
 0 0.394675
 0 0.412807
 0 0.420609
 0 0.410262
 0 0.430544
 0 0.381074
 0 0.393498
 0 0.405367
 0 0.403693
 0 0.391569
 0 0.402558
 0 0.404509
 0 0.402728
 0 0.400203
 0 0.397887
 0 0.384794
 0 0.396633
 0 0.384898
 0 0.364525
 0 0.442827
 0 0.402
 0 0.361427
 0 0.443939
 0 0.393557
 0 0.423588
 0 0.415715
 0 0.359352
 0 0.43029
 0 0.407047
 0 0.346856
 0 0.375504
 0 0.397418
 0 0.414198
 0 0.391145
 0 0.386656
 0 0.393824
 0 0.383827
 0 0.416607
 0 0.396011
 0 0.409588
 0 0.406058
 0 0.400807
 0 0.417448
 0 0.424837
 0 0.370182
 0 0.397878
 0 0.417391
 0 0.411703
 0 0.344678
 0 0.414396
 0 0.468371
 0 0.394119
 0 0.366514
 0 0.415112
 0 0.386773
 0 0.35121
 0 0.404604
 0 0.404931
 0 0.358078
 0 0.391039
 0 0.410138
 0 0.393642
 0 0.391144
 0 0.40996
 0 0.363394
 0 0.372027
 0 0.409348
 0 0.415874
 0 0.386812
 0 0.361654
 0 0.357125
 0 0.390696
 0 0.415251
 0 0.408714
 0 0.374601
 0 0.393311
 0 0.402494
 0 0.408807
 0 0.393465
 0 0.368949
 0 0.408937
 0 0.341255
 0 0.421608
 0 0.384721
 0 0.390156
 0 0.39305
 0 0.401969
 0 0.391101
 0 0.363803
 0 0.385097
 0 0.393021
 0 0.391594
 0 0.39777
 0 0.386905
 0 0.400318
 0 0.444502
 0 0.407476
 0 0.417265
 0 0.385921
 0 0.410371
 0 0.408056
 0 0.393077
 0 0.414769
