603 1 0 0 1
 0 0.39269
 0 0.500599
 0 0.374102
 0 0.420726
 0 0.467538
 0 0.434554
 0 0.496094
 0 0.387803
 0 0.392314
 0 0.420727
 0 0.520153
 0 0.478602
 0 0.394037
 0 0.464355
 0 0.414054
 0 0.376368
 0 0.347404
 0 0.399281
 0 0.385308
 0 0.500147
 0 0.354706
 0 0.411692
 0 0.440712
 0 0.418618
 0 0.443049
 0 0.341418
 0 0.343827
 0 0.402899
 0 0.412941
 0 0.445761
 0 0.35306
 0 0.445316
 0 0.460111
 0 0.250852
 0 0.362986
 0 0.462088
 0 0.415437
 0 0.391576
 0 0.413275
 0 0.443818
 0 0.367249
 0 0.372978
 0 0.370544
 0 0.36141
 0 0.420005
 0 0.339806
 0 0.395626
 0 0.311332
 0 0.429151
 0 0.352827
 0 0.400808
 0 0.409817
 0 0.438425
 0 0.50009
 0 0.53168
 0 0.375264
 0 0.410106
 0 0.407917
 0 0.410279
 0 0.408688
 0 0.40425
 0 0.483679
 0 0.437442
 0 0.43197
 0 0.414237
 0 0.373512
 0 0.503417
 0 0.382298
 0 0.448872
 0 0.390452
 0 0.478205
 0 0.393455
 0 0.376674
 0 0.439613
 0 0.428336
 0 0.452174
 0 0.4131
 0 0.399468
 0 0.456822
 0 0.454042
 0 0.329895
 0 0.476413
 0 0.390056
 0 0.395704
 0 0.326981
 0 0.497685
 0 0.440042
 0 0.380441
 0 0.365117
 0 0.384038
 0 0.440712
 0 0.413131
 0 0.3706
 0 0.433345
 0 0.386765
 0 0.419862
 0 0.372267
 0 0.413034
 0 0.478578
 0 0.423125
 0 0.392077
 0 0.447365
 0 0.417458
 0 0.327054
 0 0.497985
 0 0.423517
 0 0.393721
 0 0.403859
 0 0.368081
 0 0.354531
 0 0.457642
 0 0.306114
 0 0.386201
 0 0.458238
 0 0.319198
 0 0.41472
 0 0.41957
 0 0.486509
 0 0.40101
 0 0.38412
 0 0.397142
 0 0.463734
 0 0.44228
 0 0.375761
 0 0.446417
 0 0.383906
 0 0.478506
 0 0.390873
 0 0.349723
 0 0.348313
 0 0.442867
 0 0.364289
 0 0.414368
 0 0.422139
 0 0.395402
 0 0.458379
 0 0.400838
 0 0.404709
 0 0.41517
 0 0.489697
 0 0.398913
 0 0.350588
 0 0.338622
 0 0.479335
 0 0.432593
 0 0.433618
 0 0.385659
 0 0.436433
 0 0.428576
 0 0.476437
 0 0.46517
 0 0.418722
 0 0.287701
 0 0.426078
 0 0.415232
 0 0.417098
 0 0.446099
 0 0.496769
 0 0.415141
 0 0.406083
 0 0.453213
 0 0.375147
 0 0.380761
 0 0.385641
 0 0.419483
 0 0.440188
 0 0.408659
 0 0.303096
 0 0.478732
 0 0.356169
 0 0.412007
 0 0.409779
 0 0.388876
 0 0.498336
 0 0.385697
 0 0.382515
 0 0.407166
 0 0.41883
 0 0.390577
 0 0.357957
 0 0.343113
 0 0.424813
 0 0.420975
 0 0.367511
 0 0.411127
 0 0.365352
 0 0.292422
 0 0.400085
 0 0.363144
 0 0.420493
 0 0.426804
 0 0.41308
 0 0.335384
 0 0.34549
 0 0.404211
 0 0.426408
 0 0.417054
 0 0.269638
 0 0.394405
 0 0.35037
 0 0.422781
 0 0.454418
 0 0.382247
 0 0.32225
 0 0.368819
 0 0.354153
 0 0.429036
 0 0.484797
 0 0.444527
 0 0.406777
 0 0.419107
 0 0.395603
 0 0.316431
 0 0.44011
 0 0.378938
 0 0.428167
 0 0.435783
 0 0.472453
 0 0.443324
 0 0.402374
 0 0.417998
 0 0.407393
 0 0.496396
 0 0.443021
 0 0.473354
 0 0.428622
 0 0.423626
 0 0.400367
 0 0.383501
 0 0.43622
 0 0.287182
 0 0.444794
 0 0.38996
 0 0.383615
 0 0.350933
 0 0.413774
 0 0.354883
 0 0.358814
 0 0.396077
 0 0.389377
 0 0.462674
 0 0.382234
 0 0.41354
 0 0.415515
 0 0.42594
 0 0.543644
 0 0.427285
 0 0.386399
 0 0.329483
 0 0.383983
 0 0.370378
 0 0.395776
 0 0.457447
 0 0.417786
 0 0.345489
 0 0.467603
 0 0.337266
 0 0.366477
 0 0.437589
 0 0.414771
 0 0.450701
 0 0.365418
 0 0.429298
 0 0.37555
 0 0.383375
 0 0.426392
 0 0.416393
 0 0.411694
 0 0.341608
 0 0.461541
 0 0.488305
 0 0.383637
 0 0.351283
 0 0.379966
 0 0.463548
 0 0.438312
 0 0.420533
 0 0.438257
 0 0.434834
 0 0.379046
 0 0.470106
 0 0.440935
 0 0.284966
 0 0.412108
 0 0.387734
 0 0.390011
 0 0.448367
 0 0.346605
 0 0.37096
 0 0.423658
 0 0.5204
 0 0.473081
 0 0.337881
 0 0.426224
 0 0.43449
 0 0.440972
 0 0.39704
 0 0.42712
 0 0.435665
 0 0.226308
 0 0.403997
 0 0.479905
 0 0.404587
 0 0.418176
 0 0.473636
 0 0.405104
 0 0.451425
 0 0.422152
 0 0.411062
 0 0.464149
 0 0.390995
 0 0.45335
 0 0.386004
 0 0.426358
 0 0.430925
 0 0.377447
 0 0.517435
 0 0.437734
 0 0.496204
 0 0.412197
 0 0.393797
 0 0.367946
 0 0.430211
 0 0.410844
 0 0.44306
 0 0.410232
 0 0.384132
 0 0.377344
 0 0.461521
 0 0.443323
 0 0.347333
 0 0.483747
 0 0.456812
 0 0.399579
 0 0.424837
 0 0.445275
 0 0.443629
 0 0.38054
 0 0.384289
 0 0.456904
 0 0.442752
 0 0.426755
 0 0.412034
 0 0.44195
 0 0.394104
 0 0.425792
 0 0.413076
 0 0.371703
 0 0.362891
 0 0.383194
 0 0.508645
 0 0.288921
 0 0.493994
 0 0.404552
 0 0.443264
 0 0.375814
 0 0.391732
 0 0.427489
 0 0.404414
 0 0.418475
 0 0.411548
 0 0.458136
 0 0.395344
 0 0.423681
 0 0.360002
 0 0.427186
 0 0.375786
 0 0.452215
 0 0.397353
 0 0.529693
 0 0.457372
 0 0.386841
 0 0.306344
 0 0.447323
 0 0.418471
 0 0.411664
 0 0.344408
 0 0.491653
 0 0.398666
 0 0.484762
 0 0.413069
 0 0.357058
 0 0.365161
 0 0.337135
 0 0.356561
 0 0.39471
 0 0.470782
 0 0.418912
 0 0.385599
 0 0.453811
 0 0.409027
 0 0.314386
 0 0.414858
 0 0.450312
 0 0.436858
 0 0.406607
 0 0.406316
 0 0.383259
 0 0.508335
 0 0.347804
 0 0.414984
 0 0.407245
 0 0.43891
 0 0.400118
 0 0.444603
 0 0.395859
 0 0.54376
 0 0.421247
 0 0.415816
 0 0.383649
 0 0.395861
 0 0.410897
 0 0.371257
 0 0.409292
 0 0.398169
 0 0.324602
 0 0.370805
 0 0.321651
 0 0.462678
 0 0.41876
 0 0.379861
 0 0.434021
 0 0.367447
 0 0.363782
 0 0.420127
 0 0.42061
 0 0.315059
 0 0.424838
 0 0.510018
 0 0.468403
 0 0.405773
 0 0.418048
 0 0.485922
 0 0.416594
 0 0.424946
 0 0.373516
 0 0.32974
 0 0.473125
 0 0.417761
 0 0.413437
 0 0.470289
 0 0.386797
 0 0.441282
 0 0.436057
 0 0.359538
 0 0.373117
 0 0.45841
 0 0.451689
 0 0.413197
 0 0.486907
 0 0.452696
 0 0.345865
 0 0.413738
 0 0.396257
 0 0.470424
 0 0.383831
 0 0.302887
 0 0.450004
 0 0.498039
 0 0.331635
 0 0.489577
 0 0.47045
 0 0.495203
 0 0.342587
 0 0.376082
 0 0.481319
 0 0.461799
 0 0.493481
 0 0.39556
 0 0.344519
 0 0.392113
 0 0.506115
 0 0.450213
 0 0.358012
 0 0.448287
 0 0.333107
 0 0.406681
 0 0.352542
 0 0.419566
 0 0.371502
 0 0.468024
 0 0.448118
 0 0.471386
 0 0.364654
 0 0.378065
 0 0.383286
 0 0.469098
 0 0.477013
 0 0.422952
 0 0.393033
 0 0.369866
 0 0.440313
 0 0.438918
 0 0.356342
 0 0.383737
 0 0.400028
 0 0.417961
 0 0.374667
 0 0.252929
 0 0.456953
 0 0.320385
 0 0.397784
 0 0.416558
 0 0.472299
 0 0.490121
 0 0.325685
 0 0.44567
 0 0.367518
 0 0.374183
 0 0.376525
 0 0.425168
 0 0.419363
 0 0.431652
 0 0.436252
 0 0.355856
 0 0.418051
 0 0.440524
 0 0.456577
 0 0.319064
 0 0.453016
 0 0.346599
 0 0.357785
 0 0.543892
 0 0.387375
 0 0.321106
 0 0.416751
 0 0.382117
 0 0.402251
 0 0.417158
 0 0.296798
 0 0.40235
 0 0.33776
 0 0.437122
 0 0.45866
 0 0.426229
 0 0.335885
 0 0.310382
 0 0.460431
 0 0.394937
 0 0.413355
 0 0.449726
 0 0.419642
 0 0.414203
 0 0.438037
 0 0.284714
 0 0.342362
 0 0.481648
 0 0.386106
 0 0.29953
 0 0.415295
 0 0.372143
 0 0.370008
 0 0.44167
 0 0.462167
 0 0.390107
 0 0.362692
 0 0.439944
 0 0.404325
 0 0.40613
 0 0.331675
 0 0.506702
 0 0.356739
 0 0.375515
 0 0.471964
 0 0.362105
 0 0.423913
 0 0.449301
 0 0.398969
 0 0.387113
 0 0.436211
 0 0.296168
 0 0.549436
 0 0.472625
 0 0.409548
 0 0.330746
 0 0.409021
 0 0.362088
 0 0.45406
 0 0.317278
 0 0.383721
 0 0.466389
 0 0.318122
 0 0.405471
 0 0.410739
 0 0.519679
 0 0.38252
 0 0.363996
 0 0.422327
 0 0.316158
 0 0.333684
 0 0.386264
 0 0.494346
 0 0.417755
 0 0.389743
 0 0.402174
 0 0.453838
 0 0.442762
 0 0.494089
 0 0.373468
 0 0.414009
 0 0.484224
 0 0.354672
 0 0.480464
