603 1 0 0 1
 0 0.327556
 0 0.352795
 0 0.355683
 0 0.344569
 0 0.369814
 0 0.381775
 0 0.330552
 0 0.357191
 0 0.332846
 0 0.36489
 0 0.378457
 0 0.344653
 0 0.324721
 0 0.365631
 0 0.352266
 0 0.362037
 0 0.322491
 0 0.345549
 0 0.32789
 0 0.371416
 0 0.305873
 0 0.358273
 0 0.370878
 0 0.36784
 0 0.325974
 0 0.346526
 0 0.358823
 0 0.373641
 0 0.364418
 0 0.363944
 0 0.321828
 0 0.341147
 0 0.325795
 0 0.342489
 0 0.336074
 0 0.402624
 0 0.342035
 0 0.334428
 0 0.330252
 0 0.340217
 0 0.375354
 0 0.34335
 0 0.370421
 0 0.367671
 0 0.37987
 0 0.333366
 0 0.34965
 0 0.338824
 0 0.358737
 0 0.325804
 0 0.35637
 0 0.372054
 0 0.348064
 0 0.328799
 0 0.410222
 0 0.372001
 0 0.373732
 0 0.365949
 0 0.327952
 0 0.352673
 0 0.365991
 0 0.363357
 0 0.336975
 0 0.366816
 0 0.326432
 0 0.356488
 0 0.29708
 0 0.329789
 0 0.357481
 0 0.355541
 0 0.342495
 0 0.366592
 0 0.369543
 0 0.34534
 0 0.398001
 0 0.309585
 0 0.364794
 0 0.338467
 0 0.355974
 0 0.349065
 0 0.347144
 0 0.333674
 0 0.364948
 0 0.35881
 0 0.331869
 0 0.3683
 0 0.336836
 0 0.378737
 0 0.342508
 0 0.34279
 0 0.363885
 0 0.357677
 0 0.33501
 0 0.379422
 0 0.360851
 0 0.338399
 0 0.304262
 0 0.368893
 0 0.365961
 0 0.363362
 0 0.341446
 0 0.340984
 0 0.353403
 0 0.34113
 0 0.363782
 0 0.349395
 0 0.359965
 0 0.359996
 0 0.362459
 0 0.333683
 0 0.36014
 0 0.304739
 0 0.330921
 0 0.328025
 0 0.332654
 0 0.360336
 0 0.334967
 0 0.406389
 0 0.368931
 0 0.347641
 0 0.341684
 0 0.353977
 0 0.38329
 0 0.347177
 0 0.34921
 0 0.353476
 0 0.367617
 0 0.35381
 0 0.344125
 0 0.350704
 0 0.375277
 0 0.330404
 0 0.36076
 0 0.369495
 0 0.337237
 0 0.362135
 0 0.335067
 0 0.3241
 0 0.346917
 0 0.390399
 0 0.357682
 0 0.356598
 0 0.332716
 0 0.371105
 0 0.350879
 0 0.365065
 0 0.369887
 0 0.367986
 0 0.346269
 0 0.364754
 0 0.367291
 0 0.368068
 0 0.328294
 0 0.363383
 0 0.357871
 0 0.346438
 0 0.365015
 0 0.375996
 0 0.358713
 0 0.336728
 0 0.366659
 0 0.354175
 0 0.340616
 0 0.323784
 0 0.358587
 0 0.34969
 0 0.363989
 0 0.333107
 0 0.369805
 0 0.354082
 0 0.363427
 0 0.353464
 0 0.334854
 0 0.372698
 0 0.352947
 0 0.355349
 0 0.360042
 0 0.354044
 0 0.343742
 0 0.316547
 0 0.353462
 0 0.364833
 0 0.343629
 0 0.328482
 0 0.354354
 0 0.355308
 0 0.322336
 0 0.305925
 0 0.365943
 0 0.366418
 0 0.336669
 0 0.358893
 0 0.323673
 0 0.306562
 0 0.328556
 0 0.364975
 0 0.364955
 0 0.321482
 0 0.344209
 0 0.350383
 0 0.391514
 0 0.356817
 0 0.351061
 0 0.333142
 0 0.354833
 0 0.343619
 0 0.351317
 0 0.359702
 0 0.353995
 0 0.313766
 0 0.374527
 0 0.371169
 0 0.316905
 0 0.361703
 0 0.3738
 0 0.35378
 0 0.358424
 0 0.35977
 0 0.360891
 0 0.3637
 0 0.335004
 0 0.322614
 0 0.358316
 0 0.37018
 0 0.33875
 0 0.344685
 0 0.335781
 0 0.365347
 0 0.337722
 0 0.361137
 0 0.317843
 0 0.383271
 0 0.348668
 0 0.340444
 0 0.337149
 0 0.355112
 0 0.335053
 0 0.359111
 0 0.324302
 0 0.333377
 0 0.323264
 0 0.346888
 0 0.349571
 0 0.376521
 0 0.330193
 0 0.397558
 0 0.387112
 0 0.327873
 0 0.323922
 0 0.324503
 0 0.380902
 0 0.38194
 0 0.358834
 0 0.364671
 0 0.346282
 0 0.328759
 0 0.326204
 0 0.357336
 0 0.364285
 0 0.313964
 0 0.3633
 0 0.345772
 0 0.325067
 0 0.33244
 0 0.394227
 0 0.337397
 0 0.341811
 0 0.371565
 0 0.359423
 0 0.347719
 0 0.391333
 0 0.358117
 0 0.346675
 0 0.35437
 0 0.37614
 0 0.364705
 0 0.311775
 0 0.347373
 0 0.346279
 0 0.330695
 0 0.388026
 0 0.362402
 0 0.340107
 0 0.353656
 0 0.367524
 0 0.357484
 0 0.382712
 0 0.35885
 0 0.349695
 0 0.37291
 0 0.36287
 0 0.331854
 0 0.351453
 0 0.336789
 0 0.372661
 0 0.342922
 0 0.375062
 0 0.375358
 0 0.357009
 0 0.225404
 0 0.364426
 0 0.384267
 0 0.326917
 0 0.303083
 0 0.365635
 0 0.367032
 0 0.392296
 0 0.338784
 0 0.329617
 0 0.366852
 0 0.335536
 0 0.350937
 0 0.360992
 0 0.37495
 0 0.330027
 0 0.375428
 0 0.374037
 0 0.347342
 0 0.363745
 0 0.367553
 0 0.3389
 0 0.352852
 0 0.363069
 0 0.372158
 0 0.360614
 0 0.339582
 0 0.334659
 0 0.335527
 0 0.366499
 0 0.358522
 0 0.357491
 0 0.373212
 0 0.373063
 0 0.375241
 0 0.34104
 0 0.359509
 0 0.356885
 0 0.339309
 0 0.361029
 0 0.377501
 0 0.321004
 0 0.368808
 0 0.36511
 0 0.355866
 0 0.323383
 0 0.363907
 0 0.389604
 0 0.243511
 0 0.323641
 0 0.343463
 0 0.381711
 0 0.30061
 0 0.37407
 0 0.360552
 0 0.403381
 0 0.355506
 0 0.350663
 0 0.345638
 0 0.375862
 0 0.335419
 0 0.348468
 0 0.36305
 0 0.315787
 0 0.370549
 0 0.33072
 0 0.305041
 0 0.355338
 0 0.362359
 0 0.3541
 0 0.378119
 0 0.332169
 0 0.344
 0 0.355896
 0 0.368229
 0 0.395386
 0 0.334804
 0 0.333299
 0 0.368365
 0 0.348767
 0 0.367522
 0 0.364101
 0 0.368332
 0 0.338583
 0 0.3488
 0 0.355296
 0 0.349307
 0 0.345202
 0 0.309234
 0 0.307218
 0 0.346503
 0 0.327256
 0 0.33949
 0 0.35836
 0 0.355986
 0 0.355294
 0 0.327175
 0 0.327713
 0 0.36953
 0 0.355841
 0 0.357537
 0 0.342231
 0 0.381151
 0 0.383915
 0 0.365775
 0 0.356439
 0 0.327027
 0 0.361959
 0 0.378109
 0 0.326348
 0 0.324724
 0 0.346287
 0 0.36756
 0 0.326383
 0 0.343133
 0 0.366278
 0 0.329101
 0 0.349716
 0 0.344203
 0 0.35507
 0 0.35839
 0 0.340339
 0 0.340942
 0 0.344688
 0 0.332985
 0 0.31959
 0 0.357681
 0 0.330794
 0 0.341498
 0 0.371349
 0 0.383736
 0 0.329599
 0 0.337535
 0 0.375451
 0 0.366357
 0 0.343963
 0 0.340158
 0 0.353407
 0 0.355583
 0 0.337975
 0 0.332152
 0 0.353937
 0 0.360948
 0 0.387275
 0 0.366654
 0 0.352364
 0 0.355088
 0 0.368982
 0 0.406199
 0 0.34872
 0 0.383498
 0 0.373645
 0 0.339583
 0 0.334559
 0 0.354914
 0 0.353699
 0 0.397216
 0 0.322794
 0 0.354396
 0 0.357096
 0 0.329216
 0 0.368503
 0 0.389899
 0 0.374978
 0 0.332744
 0 0.373589
 0 0.364853
 0 0.372276
 0 0.381306
 0 0.347904
 0 0.339399
 0 0.345137
 0 0.396909
 0 0.381207
 0 0.307431
 0 0.393144
 0 0.368799
 0 0.346621
 0 0.323308
 0 0.360591
 0 0.3175
 0 0.389553
 0 0.374294
 0 0.386987
 0 0.317483
 0 0.376879
 0 0.35673
 0 0.349074
 0 0.345622
 0 0.367998
 0 0.377227
 0 0.361098
 0 0.350256
 0 0.370279
 0 0.346431
 0 0.342225
 0 0.335013
 0 0.364434
 0 0.349997
 0 0.334542
 0 0.349098
 0 0.352218
 0 0.372566
 0 0.379311
 0 0.36362
 0 0.397441
 0 0.316549
 0 0.349913
 0 0.364683
 0 0.360968
 0 0.349512
 0 0.363801
 0 0.364467
 0 0.362729
 0 0.355237
 0 0.354567
 0 0.35041
 0 0.365128
 0 0.345442
 0 0.327507
 0 0.397504
 0 0.362677
 0 0.315118
 0 0.396023
 0 0.351328
 0 0.375962
 0 0.372628
 0 0.316743
 0 0.388804
 0 0.369925
 0 0.308038
 0 0.336838
 0 0.360968
 0 0.369947
 0 0.352541
 0 0.345281
 0 0.33744
 0 0.336476
 0 0.376101
 0 0.351654
 0 0.372317
 0 0.363326
 0 0.361284
 0 0.379941
 0 0.376796
 0 0.32627
 0 0.35331
 0 0.375966
 0 0.371966
 0 0.31802
 0 0.369547
 0 0.43915
 0 0.349384
 0 0.316429
 0 0.375788
 0 0.354272
 0 0.318042
 0 0.365007
 0 0.353543
 0 0.325144
 0 0.353263
 0 0.371368
 0 0.356261
 0 0.340941
 0 0.371101
 0 0.309866
 0 0.342262
 0 0.354021
 0 0.377803
 0 0.343779
 0 0.319002
 0 0.305381
 0 0.355904
 0 0.371222
 0 0.360337
 0 0.33585
 0 0.356328
 0 0.365103
 0 0.371036
 0 0.353734
 0 0.325843
 0 0.376517
 0 0.288873
 0 0.374016
 0 0.338876
 0 0.337988
 0 0.347932
 0 0.352302
 0 0.341663
 0 0.310921
 0 0.341815
 0 0.339555
 0 0.356345
 0 0.358407
 0 0.340143
 0 0.358891
 0 0.403025
 0 0.352692
 0 0.370327
 0 0.335124
 0 0.371179
 0 0.359519
 0 0.351523
 0 0.377246
